# idx stamp x y z qx qy qz qw yaw pcd_file
0 1778757647.493067503 -0.006660 0.019435 0.014510 -0.005353483 -0.002619154 0.000540024 0.999982094 0.001108088 keyframe_000000.pcd
1 1778757648.893033743 -0.008334 0.010976 0.028128 0.008923116 -0.007758963 -0.043106561 0.999000501 -0.086382173 keyframe_000001.pcd
2 1778757649.192983150 -0.006497 -0.004107 0.030849 0.025227833 -0.006829898 -0.092209688 0.995396545 -0.184975421 keyframe_000002.pcd
3 1778757649.592931747 -0.014408 -0.023735 0.021351 0.065390059 -0.009041831 -0.178676557 0.981690926 -0.359705237 keyframe_000003.pcd
4 1778757649.693368673 -0.021646 -0.041923 0.017714 0.082819690 -0.010454785 -0.237689874 0.967747447 -0.480095442 keyframe_000004.pcd
5 1778757650.292966127 -0.008259 -0.045931 0.012199 0.115696175 -0.011568128 -0.308784089 0.943998390 -0.626585311 keyframe_000005.pcd
6 1778757650.593332291 -0.033576 -0.054982 -0.011995 0.141637750 -0.007374907 -0.366290220 0.919628095 -0.745795695 keyframe_000006.pcd
7 1778757651.093351841 -0.021959 -0.041551 -0.000129 0.111076471 -0.007622695 -0.320244034 0.940769722 -0.650045087 keyframe_000007.pcd
8 1778757651.192945957 -0.010802 -0.028060 0.008090 0.086867082 -0.005576686 -0.274714720 0.957577586 -0.555598961 keyframe_000008.pcd
9 1778757651.293411255 -0.004734 -0.012967 0.013107 0.065454695 -0.004587254 -0.222267656 0.972775272 -0.447953217 keyframe_000009.pcd
10 1778757651.393342972 -0.000857 0.000865 0.017705 0.046883758 -0.006865765 -0.170702057 0.984182697 -0.343355746 keyframe_000010.pcd
11 1778757651.593392134 0.007879 0.011326 0.023294 0.040667119 -0.004923352 -0.115218844 0.992495120 -0.231161966 keyframe_000011.pcd
12 1778757651.793051958 0.008799 0.031706 0.024299 0.028142138 -0.009270706 -0.037596370 0.998853636 -0.075710825 keyframe_000012.pcd
13 1778757651.993317842 0.011646 0.052075 0.026699 -0.009820257 -0.019683759 0.017598530 0.999603123 0.035604302 keyframe_000013.pcd
14 1778757652.193412542 0.095086 0.077787 0.051853 -0.010774043 -0.006341408 0.064245609 0.997855805 0.128715634 keyframe_000014.pcd
15 1778757658.193277597 0.437791 0.203538 0.145699 -0.038482583 -0.020160560 0.109929736 0.992989474 0.221793461 keyframe_000015.pcd
16 1778757658.493208647 0.475239 0.257877 0.146377 -0.068308724 -0.005960518 0.187386285 0.979890183 0.376949579 keyframe_000016.pcd
17 1778757658.593220472 0.472198 0.280739 0.151676 -0.083250350 -0.011176304 0.233150417 0.968806148 0.470893605 keyframe_000017.pcd
18 1778757658.793322086 0.475265 0.312014 0.160279 -0.090066565 -0.006103988 0.302149454 0.948976534 0.612717860 keyframe_000018.pcd
19 1778757659.193211555 0.509146 0.384012 0.166923 -0.096614236 -0.009876852 0.349525393 0.931879894 0.713031570 keyframe_000019.pcd
20 1778757660.392948389 0.775209 0.765480 0.258626 -0.109105761 -0.035165797 0.379584117 0.918027885 0.782040721 keyframe_000020.pcd
21 1778757661.393270254 1.023007 1.098636 0.336709 -0.105820285 -0.030981377 0.402515196 0.908748446 0.830746627 keyframe_000021.pcd
22 1778757661.693208933 1.084545 1.200842 0.347965 -0.109538302 -0.026427337 0.447344509 0.887234944 0.928354810 keyframe_000022.pcd
23 1778757661.993153572 1.115348 1.335884 0.377356 -0.150231279 -0.043815384 0.514983103 0.842794862 1.084589082 keyframe_000023.pcd
24 1778757662.193125963 1.118128 1.436030 0.385275 -0.151927080 -0.034365030 0.572358424 0.805073314 1.218682073 keyframe_000024.pcd
25 1778757662.693066359 1.158610 1.703731 0.392352 -0.172930100 -0.029507591 0.612000586 0.771154826 1.315345523 keyframe_000025.pcd
26 1778757663.284853935 1.247002 2.019729 0.437735 -0.161337098 -0.020819885 0.572817864 0.803378222 1.216542953 keyframe_000026.pcd
27 1778757664.193123579 1.358077 2.437665 0.473859 -0.160081924 -0.031451964 0.563906011 0.809564428 1.197032788 keyframe_000027.pcd
28 1778757665.193110704 1.450231 2.871725 0.501505 -0.147124269 -0.029422491 0.579164069 0.801285060 1.234574616 keyframe_000028.pcd
29 1778757666.093058586 1.533561 3.295423 0.542726 -0.165655393 -0.030507058 0.578415442 0.798162381 1.231924659 keyframe_000029.pcd
30 1778757666.994118214 1.592855 3.723872 0.573680 -0.164815289 -0.038609957 0.588500541 0.790577197 1.258674802 keyframe_000030.pcd
31 1778757668.093110323 1.662015 4.133407 0.589458 -0.167758735 -0.033067448 0.603262964 0.778997655 1.294195542 keyframe_000031.pcd
32 1778757668.393121481 1.714270 4.235557 0.626103 -0.130998128 -0.035603433 0.546092771 0.826652630 1.156594132 keyframe_000032.pcd
33 1778757668.594088793 1.759316 4.310478 0.643844 -0.126681231 -0.032031381 0.506014704 0.852569631 1.061953467 keyframe_000033.pcd
34 1778757669.494030237 1.948514 4.661169 0.701359 -0.126678402 -0.030650166 0.473064543 0.871334085 0.986323007 keyframe_000034.pcd
35 1778757670.193081141 2.055465 4.898224 0.742323 -0.146284949 -0.033784085 0.537359807 0.829881791 1.134735652 keyframe_000035.pcd
36 1778757670.393063307 2.051279 4.986254 0.754878 -0.153060214 -0.034255753 0.588013528 0.793498081 1.257098147 keyframe_000036.pcd
37 1778757670.693110943 2.059383 5.113292 0.752696 -0.169448327 -0.023342134 0.624696506 0.761903330 1.347046037 keyframe_000037.pcd
38 1778757670.894018173 2.023461 5.191358 0.747315 -0.194102222 -0.052526117 0.682740046 0.702446699 1.507369762 keyframe_000038.pcd
39 1778757671.094079018 1.998591 5.285462 0.738968 -0.194101797 -0.037418561 0.725262650 0.659483459 1.627178474 keyframe_000039.pcd
40 1778757671.992950439 1.943359 5.646757 0.728896 -0.178594508 -0.030500127 0.693397888 0.697404555 1.533455533 keyframe_000040.pcd
41 1778757672.992915869 1.917426 6.086062 0.729081 -0.184477112 -0.027077630 0.686851395 0.702474312 1.514440699 keyframe_000041.pcd
42 1778757673.993004799 1.879396 6.502672 0.736769 -0.191404524 -0.037676398 0.693473035 0.693570434 1.534605204 keyframe_000042.pcd
43 1778757674.493940830 1.851146 6.692921 0.725986 -0.187545437 -0.024142967 0.731010557 0.655642732 1.642929369 keyframe_000043.pcd
44 1778757674.694091082 1.807537 6.753406 0.715609 -0.211814823 -0.032285022 0.760681416 0.612744597 1.737703243 keyframe_000044.pcd
45 1778757674.893002272 1.760653 6.820814 0.705621 -0.212369438 -0.028759172 0.787508793 0.577842567 1.827386435 keyframe_000045.pcd
46 1778757675.493930101 1.648564 7.008317 0.676213 -0.208669566 -0.040713172 0.824411353 0.524543012 1.960918970 keyframe_000046.pcd
47 1778757675.592988491 1.611475 7.042216 0.672223 -0.215563064 -0.026808395 0.847905012 0.483602074 2.056789027 keyframe_000047.pcd
48 1778757675.793912888 1.548871 7.074896 0.637395 -0.238687787 -0.020222382 0.874824803 0.421070967 2.189559088 keyframe_000048.pcd
49 1778757676.092970848 1.476520 7.114962 0.623991 -0.244741317 -0.024374462 0.892524201 0.378031908 2.284234558 keyframe_000049.pcd
50 1778757676.394032478 1.419267 7.142905 0.614540 -0.249371320 -0.021108929 0.908680775 0.334167034 2.383320983 keyframe_000050.pcd
51 1778757676.893912792 1.361778 7.146952 0.590917 -0.243370487 -0.024590736 0.928459356 0.279516237 2.509620646 keyframe_000051.pcd
52 1778757677.093132734 1.341437 7.137780 0.586488 -0.241816888 -0.015200341 0.943162374 0.227460497 2.631245849 keyframe_000052.pcd
53 1778757677.493047237 1.266649 7.125705 0.551789 -0.245745838 -0.019183990 0.957956422 0.146834775 2.806925135 keyframe_000053.pcd
54 1778757677.894051790 1.205102 7.113460 0.530305 -0.235689361 -0.023551012 0.966185193 0.101892330 2.906437302 keyframe_000054.pcd
55 1778757679.493820906 0.801116 7.146433 0.432221 -0.232369816 -0.043770877 0.968777582 0.074554516 2.956652321 keyframe_000055.pcd
56 1778757680.893832445 0.402939 7.175460 0.318608 -0.222988346 -0.045025382 0.971264847 0.069953631 2.968256213 keyframe_000056.pcd
57 1778757682.093861818 0.000044 7.237153 0.202200 -0.233338905 -0.025712302 0.969933265 0.064197311 2.988159528 keyframe_000057.pcd
58 1778757682.993877649 -0.419126 7.242482 0.085807 -0.265481259 -0.025139996 0.962385950 0.051970804 3.009545280 keyframe_000058.pcd
59 1778757683.792913675 -0.805314 7.260972 -0.026346 -0.260359170 -0.028598658 0.964299301 0.039013817 3.037333437 keyframe_000059.pcd
60 1778757684.692997932 -1.238945 7.276007 -0.169216 -0.266112365 -0.030711403 0.963136093 0.024695836 3.067161927 keyframe_000060.pcd
61 1778757685.193717718 -1.483184 7.305769 -0.232223 -0.267432266 -0.030987338 0.960394556 0.071847514 2.961002749 keyframe_000061.pcd
62 1778757685.393762350 -1.585151 7.338998 -0.270571 -0.273120162 -0.032257784 0.955102689 0.110198305 2.872295378 keyframe_000062.pcd
63 1778757686.293879509 -2.008945 7.427409 -0.374359 -0.254047092 -0.012829407 0.963708229 0.081005749 2.954203085 keyframe_000063.pcd
64 1778757687.093853712 -2.400959 7.453398 -0.493769 -0.261582382 -0.016091115 0.963554918 0.053643755 3.011934026 keyframe_000064.pcd
65 1778757687.293827295 -2.507944 7.445910 -0.517279 -0.264546643 -0.031365862 0.963823818 0.008654755 3.102910313 keyframe_000065.pcd
66 1778757687.490869761 -2.606574 7.425605 -0.549962 -0.263704673 -0.023086056 0.963593177 -0.037617410 -3.071412457 keyframe_000066.pcd
67 1778757688.093760014 -2.883988 7.350904 -0.634817 -0.263360970 -0.031560478 0.960635529 -0.082609423 -2.975503709 keyframe_000067.pcd
68 1778757688.593732119 -3.079125 7.296067 -0.710057 -0.266211284 -0.020339144 0.953531308 -0.139627776 -2.839344399 keyframe_000068.pcd
69 1778757688.693023682 -3.097335 7.265526 -0.704820 -0.258139598 -0.031081001 0.948103777 -0.183022257 -2.749169811 keyframe_000069.pcd
70 1778757688.893813848 -3.138615 7.212142 -0.712197 -0.257194394 -0.014669226 0.935089795 -0.243398711 -2.603016443 keyframe_000070.pcd
71 1778757689.193611622 -3.193753 7.157115 -0.733445 -0.245031084 -0.020942803 0.926245881 -0.285639170 -2.514975828 keyframe_000071.pcd
72 1778757689.393687010 -3.206730 7.120655 -0.746653 -0.242806952 -0.019788705 0.913334230 -0.326303197 -2.421968571 keyframe_000072.pcd
73 1778757689.593655825 -3.206858 7.090377 -0.748336 -0.234343278 -0.027827989 0.899694741 -0.367230450 -2.334672820 keyframe_000073.pcd
74 1778757689.793784857 -3.208334 7.044736 -0.751941 -0.235172554 -0.026784746 0.880977822 -0.409700530 -2.233611128 keyframe_000074.pcd
75 1778757689.993741274 -3.219520 6.997584 -0.755633 -0.236017584 -0.019627587 0.859970844 -0.452062613 -2.129124081 keyframe_000075.pcd
76 1778757690.893687487 -3.298469 6.822312 -0.788196 -0.225444942 0.004554104 0.840753805 -0.492226450 -2.033389976 keyframe_000076.pcd
77 1778757691.593800306 -3.363918 6.637156 -0.810795 -0.211397314 0.002467047 0.806579318 -0.552027982 -1.896547769 keyframe_000077.pcd
78 1778757691.793295622 -3.363633 6.578542 -0.818217 -0.210484076 0.003783211 0.781867765 -0.586826158 -1.808445798 keyframe_000078.pcd
79 1778757692.193691969 -3.377883 6.450664 -0.809802 -0.207653900 -0.006211321 0.754768231 -0.622226804 -1.718561764 keyframe_000079.pcd
80 1778757693.593687773 -3.401121 6.032474 -0.819624 -0.173631104 0.003307126 0.745318849 -0.643693340 -1.685854378 keyframe_000080.pcd
81 1778757695.093582630 -3.467675 5.620338 -0.850108 -0.171174153 0.025471949 0.747816955 -0.640952722 -1.693969603 keyframe_000081.pcd
82 1778757696.693634510 -3.536193 5.199504 -0.888169 -0.161422585 0.013376641 0.756296353 -0.633860900 -1.719546566 keyframe_000082.pcd
83 1778757697.893538237 -3.613942 4.783844 -0.910875 -0.188369829 0.011917924 0.746725967 -0.637789229 -1.690888288 keyframe_000083.pcd
84 1778757699.093515158 -3.664841 4.349913 -0.929513 -0.179427238 0.012737589 0.741586332 -0.646291987 -1.674484573 keyframe_000084.pcd
85 1778757700.193528175 -3.693995 3.937525 -0.952267 -0.173517528 -0.002293472 0.734624309 -0.655906649 -1.653024829 keyframe_000085.pcd
86 1778757701.393403530 -3.743529 3.528556 -0.967345 -0.174053492 0.016331146 0.733793025 -0.656495600 -1.650529852 keyframe_000086.pcd
87 1778757701.593375921 -3.762083 3.443599 -0.969290 -0.185655510 -0.003976826 0.770046714 -0.610364050 -1.766416112 keyframe_000087.pcd
88 1778757701.993555546 -3.815245 3.319428 -0.992801 -0.214646717 0.012200309 0.796766772 -0.564748307 -1.860648345 keyframe_000088.pcd
89 1778757703.193487406 -3.970575 2.920573 -1.053914 -0.202504331 0.005835189 0.809308520 -0.551341697 -1.904339074 keyframe_000089.pcd
90 1778757704.293421984 -4.096833 2.538291 -1.102981 -0.187915420 0.005653711 0.803007369 -0.565539561 -1.878885162 keyframe_000090.pcd
91 1778757704.493367434 -4.098387 2.463837 -1.115002 -0.197169794 0.014604776 0.765433835 -0.612390249 -1.751373163 keyframe_000091.pcd
92 1778757704.993483067 -4.110630 2.271515 -1.120457 -0.191974235 0.005253723 0.731273717 -0.654489910 -1.643203740 keyframe_000092.pcd
93 1778757706.193338633 -4.145289 1.861145 -1.134818 -0.176058304 0.009244297 0.726812840 -0.663823103 -1.629275748 keyframe_000093.pcd
94 1778757707.292195559 -4.164744 1.413042 -1.152954 -0.172928089 -0.000297525 0.722401065 -0.669501672 -1.615975468 keyframe_000094.pcd
95 1778757708.293294430 -4.180665 0.997247 -1.149045 -0.179376095 0.010538802 0.703484361 -0.687621192 -1.560503301 keyframe_000095.pcd
96 1778757709.393437862 -4.146438 0.563708 -1.171839 -0.162431647 0.010487079 0.687926826 -0.707292488 -1.516276582 keyframe_000096.pcd
97 1778757709.593318462 -4.129977 0.491221 -1.167668 -0.167363514 0.013755706 0.635486344 -0.753629445 -1.373953902 keyframe_000097.pcd
98 1778757709.893285990 -4.074906 0.406827 -1.159863 -0.152788936 0.001398568 0.593423292 -0.790254631 -1.265521985 keyframe_000098.pcd
99 1778757710.093379736 -4.040192 0.360862 -1.147846 -0.145411792 0.018594765 0.553795562 -0.819646339 -1.170965965 keyframe_000099.pcd
100 1778757710.393272161 -3.980535 0.311231 -1.136585 -0.122843087 -0.003240563 0.488826886 -0.863682436 -1.016612674 keyframe_000100.pcd
101 1778757710.493332624 -3.945139 0.306133 -1.130667 -0.112225130 -0.009801974 0.447882258 -0.886967262 -0.923770219 keyframe_000101.pcd
102 1778757710.693318844 -3.890210 0.290781 -1.108606 -0.098617679 -0.005165823 0.397815292 -0.912135331 -0.814698913 keyframe_000102.pcd
103 1778757710.893231869 -3.841136 0.287526 -1.099492 -0.096807088 -0.005100539 0.321846331 -0.941815965 -0.652058657 keyframe_000103.pcd
104 1778757710.993260622 -3.817081 0.295848 -1.093052 -0.087214135 -0.001076906 0.272183284 -0.958284298 -0.549324443 keyframe_000104.pcd
105 1778757711.193341255 -3.767163 0.304753 -1.095903 -0.086262347 -0.005171619 0.204615366 -0.975020315 -0.409909926 keyframe_000105.pcd
106 1778757711.393314600 -3.719130 0.307077 -1.072309 -0.063108430 -0.002994809 0.160579029 -0.984998849 -0.321584842 keyframe_000106.pcd
107 1778757711.593338728 -3.662666 0.334319 -1.042767 -0.020627472 0.004577387 0.087436948 -0.995945950 -0.175252155 keyframe_000107.pcd
108 1778757711.793306589 -3.615500 0.348686 -1.031373 -0.008770379 0.010739268 0.042728636 -0.998990497 -0.085682528 keyframe_000108.pcd
109 1778757723.993133307 -3.401414 0.325590 -0.962169 -0.010250922 0.037790177 0.091611474 -0.995024703 -0.184627444 keyframe_000109.pcd
110 1778757725.193090916 -2.991720 0.213656 -0.858651 -0.027209133 0.038710620 0.096719928 -0.994186304 -0.196179572 keyframe_000110.pcd
111 1778757726.192988634 -2.649991 0.212559 -0.763453 -0.014647250 0.039595615 0.051024935 -0.997804641 -0.103481215 keyframe_000111.pcd
112 1778757727.293147564 -2.235523 0.199082 -0.644922 -0.015308525 0.025140804 0.039286076 -0.998794370 -0.079426022 keyframe_000112.pcd
113 1778757728.492986917 -1.852472 0.176828 -0.526463 -0.011931292 0.026386529 0.028696892 -0.999168596 -0.058087055 keyframe_000113.pcd
114 1778757731.092910290 -2.275281 0.217599 -0.643466 -0.007595972 -0.000589183 -0.002272870 -0.999968394 0.004554565 keyframe_000114.pcd
115 1778757738.892981291 -2.028222 0.263872 -0.582725 0.008043684 0.018827228 -0.046018249 -0.998730772 0.092416796 keyframe_000115.pcd
116 1778757740.593054533 -1.641071 0.327043 -0.476282 0.001148329 0.047902110 -0.059359149 -0.997086035 0.119307960 keyframe_000116.pcd
117 1778757741.193027973 -1.502782 0.323115 -0.442774 -0.014549215 0.027428024 0.016923523 -0.999374614 -0.034682156 keyframe_000117.pcd
118 1778757741.593011618 -1.419479 0.263541 -0.402200 -0.036136518 0.030396119 0.084304247 -0.995320562 -0.171102231 keyframe_000118.pcd
119 1778757742.993118525 -1.031026 0.192668 -0.300879 -0.038388248 0.029692849 0.099995114 -0.993803630 -0.202681024 keyframe_000119.pcd
120 1778757743.592844963 -0.882714 0.189568 -0.243849 -0.014917502 0.027840417 0.037524210 -0.998796432 -0.075974564 keyframe_000120.pcd
121 1778757743.893046618 -0.807402 0.208287 -0.234022 -0.007282451 0.038701801 -0.018900676 -0.999045495 0.037322779 keyframe_000121.pcd
122 1778757744.892939568 -0.551265 0.212082 -0.153806 -0.012145487 0.035434733 0.056344492 -0.997708457 -0.113810359 keyframe_000122.pcd
123 1778757744.993115187 -0.516520 0.184088 -0.143698 -0.021337784 0.021933857 0.105914504 -0.993904282 -0.213248034 keyframe_000123.pcd
124 1778757745.193125486 -0.460595 0.136010 -0.139925 -0.054738857 -0.000824737 0.167195921 -0.984402611 -0.335404626 keyframe_000124.pcd
125 1778757745.692982912 -0.374850 0.028760 -0.100770 -0.089804823 0.002236901 0.211744711 -0.973187684 -0.425493799 keyframe_000125.pcd
126 1778757746.493529558 -0.166609 -0.005261 -0.046690 -0.033088394 0.027761692 0.167316949 -0.984956591 -0.338160937 keyframe_000126.pcd
127 1778757746.693138361 -0.133656 -0.003646 -0.036104 -0.044104198 0.040081776 0.113456075 -0.991753997 -0.231184370 keyframe_000127.pcd
128 1778757748.192943335 -0.057570 0.038054 -0.015364 -0.011242334 0.020728416 0.071093919 -0.997190853 -0.142852319 keyframe_000128.pcd
