# idx stamp x y z qx qy qz qw yaw pcd_file
0 1778838502.235171318 0.213771 -0.003826 -0.003076 -0.247265908 -0.023749051 0.966234863 -0.068452483 -3.003661371 keyframe_000000.pcd
1 1778838516.434966087 -0.000388 -0.044221 -0.054530 -0.247189379 -0.035727152 0.967799289 -0.031392945 -3.092419920 keyframe_000001.pcd
2 1778838517.535157681 -0.289728 -0.047248 -0.102926 -0.233330894 -0.026689307 0.971662218 0.026775175 3.069234976 keyframe_000002.pcd
3 1778838518.035803795 -0.532461 -0.006871 -0.168121 -0.239174752 -0.002550665 0.969461775 0.054155323 3.021428570 keyframe_000003.pcd
4 1778838518.535122395 -0.844210 0.009615 -0.233301 -0.235883506 -0.015861072 0.970468748 0.047935454 3.028381368 keyframe_000004.pcd
5 1778838518.935275555 -1.096688 0.041970 -0.296143 -0.234198223 -0.016007031 0.970854809 0.048331228 3.027658067 keyframe_000005.pcd
6 1778838519.435136557 -1.366275 0.048014 -0.361220 -0.235444319 -0.012893420 0.970966718 0.040290999 3.046703836 keyframe_000006.pcd
7 1778838520.835047722 -1.640646 0.063109 -0.428045 -0.236680154 -0.003085922 0.970796149 0.039087332 3.054401468 keyframe_000007.pcd
8 1778838521.335295439 -1.890427 0.069880 -0.489535 -0.237054700 -0.015050298 0.970684631 0.036741044 3.053155719 keyframe_000008.pcd
9 1778838521.835121393 -2.166117 0.088052 -0.543795 -0.235784667 -0.012603292 0.971369926 0.026214791 3.077594651 keyframe_000009.pcd
10 1778838522.335156441 -2.453788 0.095995 -0.617993 -0.232870429 -0.006284676 0.972267242 0.020694817 3.093163631 keyframe_000010.pcd
11 1778838523.135328770 -2.623795 0.082171 -0.645694 -0.240645665 -0.019143071 0.969402920 -0.044510506 -3.054241824 keyframe_000011.pcd
12 1778838524.435158014 -2.879293 0.011840 -0.729898 -0.238328342 -0.022974393 0.969390961 -0.054340993 -3.034783023 keyframe_000012.pcd
13 1778838525.135264874 -3.146015 -0.020350 -0.772819 -0.224961886 -0.027699822 0.972107928 -0.060258161 -3.024697333 keyframe_000013.pcd
14 1778838525.735190153 -3.399368 -0.061162 -0.836048 -0.231872599 -0.020240935 0.970066157 -0.069260758 -3.000957636 keyframe_000014.pcd
15 1778838526.434960604 -3.662178 -0.118691 -0.900969 -0.229970090 -0.010654779 0.969890395 -0.079453474 -2.973919771 keyframe_000015.pcd
16 1778838527.235193491 -3.952434 -0.182667 -0.970001 -0.223046414 -0.001333844 0.969655800 -0.100080703 -2.925270266 keyframe_000016.pcd
17 1778838527.935173273 -4.190960 -0.265324 -1.016113 -0.221757964 -0.006946537 0.967872761 -0.118310900 -2.888522962 keyframe_000017.pcd
18 1778838528.735127211 -4.441580 -0.361848 -1.077097 -0.207205452 -0.000696144 0.965907801 -0.155201599 -2.808577171 keyframe_000018.pcd
19 1778838529.535268068 -4.689412 -0.468459 -1.144801 -0.210810898 -0.002115798 0.960164749 -0.183406498 -2.747096260 keyframe_000019.pcd
20 1778838530.235090256 -4.926666 -0.582799 -1.193351 -0.208243980 0.002913818 0.958424348 -0.195060821 -2.720340656 keyframe_000020.pcd
21 1778838530.935273170 -5.174525 -0.692522 -1.245934 -0.203429665 0.005084340 0.957082030 -0.206360143 -2.696336192 keyframe_000021.pcd
22 1778838531.535285473 -5.396143 -0.820763 -1.306442 -0.219168624 -0.006852208 0.952445378 -0.211579687 -2.685009631 keyframe_000022.pcd
23 1778838532.035291433 -5.571475 -0.893415 -1.349506 -0.231412813 -0.015345057 0.957385430 -0.172121406 -2.772499162 keyframe_000023.pcd
24 1778838532.336390257 -5.690791 -0.859638 -1.371447 -0.235184478 -0.009905255 0.971765808 -0.016166685 -3.111494051 keyframe_000024.pcd
25 1778838533.035253763 -5.939278 -0.827623 -1.424633 -0.214826843 -0.019143625 0.976066932 0.027862048 3.072601365 keyframe_000025.pcd
26 1778838533.635099888 -6.215188 -0.800376 -1.483090 -0.223131507 -0.009995575 0.974249865 0.030815905 3.069925274 keyframe_000026.pcd
27 1778838534.135134459 -6.471420 -0.792912 -1.545884 -0.228877621 0.001533432 0.973279732 0.018418649 3.102318246 keyframe_000027.pcd
28 1778838534.635306597 -6.734709 -0.789004 -1.612516 -0.238346186 -0.010706767 0.970975339 0.016833064 3.098954081 keyframe_000028.pcd
29 1778838535.135322332 -6.968429 -0.763260 -1.662055 -0.238636054 -0.021438502 0.969338134 0.054560107 3.010545358 keyframe_000029.pcd
30 1778838535.835062504 -7.244868 -0.730039 -1.734398 -0.238697896 -0.009967066 0.967784574 0.079479492 2.961967486 keyframe_000030.pcd
31 1778838536.435370922 -7.515744 -0.674501 -1.786081 -0.230462972 -0.003183179 0.967078628 0.107868502 2.904764969 keyframe_000031.pcd
32 1778838537.135469198 -7.773793 -0.587049 -1.851149 -0.220572507 -0.000610319 0.967125944 0.126549611 2.867240791 keyframe_000032.pcd
33 1778838537.735116720 -8.021766 -0.540442 -1.908820 -0.237931658 -0.023375612 0.963455524 0.120812082 2.864486619 keyframe_000033.pcd
34 1778838538.736263275 -8.007994 -0.542275 -1.901449 -0.238579988 -0.006350346 0.969463302 0.056392981 3.014555852 keyframe_000034.pcd
35 1778838538.835254431 -8.006578 -0.566944 -1.894699 -0.234225001 -0.000009749 0.972114350 -0.011503868 -3.116472920 keyframe_000035.pcd
36 1778838538.936239958 -7.999128 -0.590968 -1.886405 -0.228492569 0.011756460 0.969060016 -0.092604630 -2.934185202 keyframe_000036.pcd
37 1778838539.035377502 -7.985539 -0.614062 -1.896610 -0.243484976 -0.005494015 0.959710088 -0.140147882 -2.835297040 keyframe_000037.pcd
38 1778838539.635136604 -7.967831 -0.628856 -1.895011 -0.233538214 -0.001576286 0.948081855 -0.215866194 -2.668245177 keyframe_000038.pcd
39 1778838539.736270905 -7.951191 -0.649467 -1.890420 -0.225216118 0.000316526 0.928416605 -0.295499929 -2.492895470 keyframe_000039.pcd
40 1778838539.835230589 -7.928277 -0.672999 -1.890944 -0.231304685 -0.013960685 0.895338546 -0.380357897 -2.300718143 keyframe_000040.pcd
41 1778838539.936289072 -7.892238 -0.705911 -1.895719 -0.237602418 -0.022556912 0.848269429 -0.472731692 -2.078411274 keyframe_000041.pcd
42 1778838540.035320759 -7.866427 -0.720321 -1.878222 -0.216514270 -0.022655558 0.806692839 -0.549413288 -1.903116390 keyframe_000042.pcd
43 1778838540.135256529 -7.838613 -0.731297 -1.870575 -0.205084558 -0.022481445 0.762865206 -0.612757364 -1.747125376 keyframe_000043.pcd
44 1778838540.236273050 -7.817727 -0.736873 -1.862001 -0.185015094 -0.024220620 0.724657878 -0.663365462 -1.624742171 keyframe_000044.pcd
45 1778838540.335409641 -7.799791 -0.741821 -1.860432 -0.176765759 -0.026026272 0.683780529 -0.707474867 -1.504595890 keyframe_000045.pcd
46 1778838540.435256481 -7.777209 -0.736751 -1.860828 -0.166201980 -0.043162530 0.636647399 -0.751793846 -1.376408191 keyframe_000046.pcd
47 1778838540.535362720 -7.751826 -0.731989 -1.857490 -0.156817422 -0.029747288 0.592115962 -0.789887386 -1.260425543 keyframe_000047.pcd
48 1778838540.636277199 -7.733959 -0.722243 -1.850574 -0.144483219 -0.030137287 0.544070550 -0.825956161 -1.142688742 keyframe_000048.pcd
49 1778838540.735167027 -7.715263 -0.716737 -1.845595 -0.128880315 -0.028642222 0.484643860 -0.864690590 -1.004118439 keyframe_000049.pcd
50 1778838540.836340666 -7.693024 -0.701219 -1.840042 -0.113329735 -0.023986106 0.430966534 -0.894901606 -0.884494180 keyframe_000050.pcd
51 1778838542.136237860 -7.572827 -0.804538 -1.824956 -0.099466141 -0.020562717 0.388071943 -0.916015190 -0.791743584 keyframe_000051.pcd
52 1778838542.835201740 -7.384091 -1.006237 -1.786456 -0.101041874 -0.022105287 0.382475243 -0.918158257 -0.779295951 keyframe_000052.pcd
53 1778838543.536270142 -7.215669 -1.185540 -1.740818 -0.094692824 -0.013808379 0.372846567 -0.922945304 -0.759842012 keyframe_000053.pcd
54 1778838544.236200809 -7.008080 -1.372199 -1.692647 -0.089451052 -0.017302350 0.366493115 -0.925949207 -0.746201054 keyframe_000054.pcd
55 1778838544.736270666 -6.971761 -1.355819 -1.676824 -0.062693882 -0.018948247 0.282206327 -0.957115474 -0.569508678 keyframe_000055.pcd
56 1778838544.836176872 -6.959996 -1.333174 -1.672303 -0.041305906 -0.020147580 0.210276848 -0.976561081 -0.422115899 keyframe_000056.pcd
57 1778838544.935153961 -6.951579 -1.297376 -1.670099 -0.020541678 -0.020642047 0.120053820 -0.992340176 -0.239967349 keyframe_000057.pcd
58 1778838545.035391092 -6.952161 -1.274088 -1.674921 0.001633905 -0.027393562 0.033880821 -0.999049054 -0.067940335 keyframe_000058.pcd
59 1778838546.236190319 -6.787524 -1.244303 -1.647335 -0.005425822 -0.016120271 -0.010961487 -0.999795251 0.022106619 keyframe_000059.pcd
60 1778838547.736204147 -6.536154 -1.207902 -1.591033 0.009415326 -0.023330774 -0.015636689 -0.999561164 0.030859223 keyframe_000060.pcd
61 1778838548.236236572 -6.297599 -1.195628 -1.515200 0.008661048 -0.013242313 -0.016645006 -0.999736251 0.033069720 keyframe_000061.pcd
62 1778838548.636153698 -6.034948 -1.168892 -1.458881 -0.005344373 -0.012261588 -0.031937663 -0.999400359 0.064030518 keyframe_000062.pcd
63 1778838549.035140276 -5.766033 -1.148021 -1.400334 0.009755298 -0.012833003 -0.029661101 -0.999430021 0.059092717 keyframe_000063.pcd
64 1778838549.436178684 -5.509283 -1.124290 -1.341790 0.007184427 -0.020037771 -0.036742857 -0.999098010 0.073257268 keyframe_000064.pcd
65 1778838550.336181879 -5.245473 -1.109989 -1.287639 -0.009710699 -0.005115145 -0.047139539 -0.998828014 0.094412205 keyframe_000065.pcd
66 1778838550.936207533 -5.003771 -1.067934 -1.225529 0.007099463 -0.005954757 -0.056575936 -0.998355298 0.113131483 keyframe_000066.pcd
67 1778838551.536106110 -4.756268 -1.033543 -1.167970 0.007965420 -0.009509542 -0.057846061 -0.998248443 0.115618264 keyframe_000067.pcd
68 1778838552.335985422 -4.515037 -0.959727 -1.111579 0.019396864 -0.004632417 -0.078882684 -0.996684416 0.157727625 keyframe_000068.pcd
69 1778838553.135990381 -4.249998 -0.911509 -1.042875 0.016275626 0.008680922 -0.087933308 -0.995955561 0.176369111 keyframe_000069.pcd
70 1778838553.736040115 -3.992754 -0.852859 -0.975073 0.019061212 0.000460006 -0.093602167 -0.995427091 0.187462504 keyframe_000070.pcd
71 1778838554.336007357 -3.728585 -0.789675 -0.920970 0.016598150 -0.011134658 -0.104411790 -0.994333294 0.208853663 keyframe_000071.pcd
72 1778838554.936050177 -3.436964 -0.716072 -0.853495 0.014735678 -0.009215002 -0.114447694 -0.993277237 0.229138249 keyframe_000072.pcd
73 1778838555.435855627 -3.191201 -0.632712 -0.806922 0.033550628 -0.011452576 -0.118442005 -0.992327912 0.236610026 keyframe_000073.pcd
74 1778838555.935975552 -2.957789 -0.572439 -0.733278 0.029298866 -0.012069059 -0.124146076 -0.991757867 0.248198619 keyframe_000074.pcd
75 1778838556.435976267 -2.714395 -0.477225 -0.689468 0.020627050 -0.007905708 -0.132288324 -0.990965097 0.265009603 keyframe_000075.pcd
76 1778838556.936008453 -2.476489 -0.407853 -0.623584 0.032266274 -0.002219426 -0.091856579 -0.995246869 0.183738585 keyframe_000076.pcd
77 1778838557.435901165 -2.230677 -0.393025 -0.553708 0.018853500 0.000132469 -0.077114548 -0.996843957 0.154360136 keyframe_000077.pcd
78 1778838558.035134792 -1.950201 -0.297038 -0.491443 0.019884554 -0.009925791 -0.087120703 -0.995949831 0.174065381 keyframe_000078.pcd
79 1778838558.535928488 -1.686812 -0.239970 -0.440860 0.021240833 -0.018583263 -0.097745538 -0.994811188 0.195086369 keyframe_000079.pcd
80 1778838558.736006975 -1.589840 -0.241027 -0.412359 0.016414141 -0.014933504 -0.048030051 -0.998599359 0.095628086 keyframe_000080.pcd
81 1778838559.335960865 -1.311430 -0.214679 -0.355104 0.008855177 -0.016619030 -0.051732343 -0.998483429 0.103256793 keyframe_000081.pcd
82 1778838559.835798264 -1.062779 -0.181494 -0.294526 0.001175217 -0.010810146 -0.055016567 -0.998426230 0.110082664 keyframe_000082.pcd
83 1778838560.335855246 -0.807788 -0.139725 -0.239267 0.010563773 -0.015727321 -0.050918515 -0.998523091 0.101582479 keyframe_000083.pcd
84 1778838560.935877323 -0.562306 -0.144121 -0.185706 0.004655401 -0.005325637 -0.010970757 -0.999914800 0.021893073 keyframe_000084.pcd
85 1778838561.435822248 -0.345825 -0.166753 -0.122039 -0.017148262 0.002629243 0.058149915 -0.998157108 -0.116439228 keyframe_000085.pcd
86 1778838562.135835171 -0.063659 -0.218217 -0.070517 -0.012642819 -0.022004961 0.083731137 -0.996165166 -0.167217738 keyframe_000086.pcd
87 1778838562.635832310 0.188491 -0.255251 -0.012500 -0.027758796 -0.010977629 0.073278880 -0.996864658 -0.146056568 keyframe_000087.pcd
88 1778838563.135879040 0.438412 -0.271947 0.044715 -0.026051379 -0.013796122 0.069182034 -0.997168410 -0.137755238 keyframe_000088.pcd
89 1778838565.335723877 0.558895 -0.281107 0.078879 -0.030151087 -0.023167707 0.129988833 -0.990786088 -0.259457267 keyframe_000089.pcd
90 1778838565.535709143 0.549215 -0.300608 0.075716 -0.026509955 -0.031420489 0.211435003 -0.976527119 -0.425049171 keyframe_000090.pcd
91 1778838565.735680819 0.514575 -0.330365 0.070661 -0.057824331 -0.027585102 0.297970187 -0.952422793 -0.602307509 keyframe_000091.pcd
92 1778838565.835665941 0.503596 -0.351769 0.069703 -0.079367727 -0.022202240 0.349579227 -0.933274980 -0.710289563 keyframe_000092.pcd
93 1778838565.935865879 0.490402 -0.369750 0.061937 -0.097884671 -0.019746020 0.420441983 -0.901807754 -0.862930192 keyframe_000093.pcd
94 1778838566.035167933 0.466483 -0.401101 0.046913 -0.138156190 -0.037162161 0.491731514 -0.858913243 -1.019023140 keyframe_000094.pcd
95 1778838566.134682894 0.428546 -0.437395 0.037346 -0.158511805 -0.028890171 0.575072709 -0.802079014 -1.217404378 keyframe_000095.pcd
96 1778838566.235182047 0.388800 -0.461152 0.039937 -0.169228539 -0.038057634 0.653957122 -0.736378572 -1.422680921 keyframe_000096.pcd
97 1778838566.334866047 0.348360 -0.471006 0.031456 -0.187056897 -0.027491532 0.730552624 -0.656160648 -1.643342045 keyframe_000097.pcd
98 1778838566.434839725 0.317303 -0.470644 0.015878 -0.214557811 -0.025370910 0.790934722 -0.572488890 -1.845796387 keyframe_000098.pcd
99 1778838566.534565926 0.285900 -0.460216 -0.000858 -0.236454256 -0.021422446 0.846287630 -0.476893815 -2.068759271 keyframe_000099.pcd
100 1778838566.635854244 0.262908 -0.450104 -0.000455 -0.239323909 -0.014572182 0.893035590 -0.380787543 -2.295030465 keyframe_000100.pcd
101 1778838566.735695601 0.227563 -0.426100 -0.004642 -0.244936239 -0.009056609 0.930416015 -0.272489002 -2.539579011 keyframe_000101.pcd
102 1778838566.835695744 0.210173 -0.387156 -0.012940 -0.252932131 -0.008929305 0.954141733 -0.159872319 -2.790624528 keyframe_000102.pcd
103 1778838567.035135508 0.190768 -0.362828 -0.023516 -0.256272966 -0.013880055 0.962650437 -0.086230198 -2.957578251 keyframe_000103.pcd
