# idx stamp x y z qx qy qz qw yaw pcd_file
0 1778757647.493067503 -0.006660 0.019435 0.014510 -0.005353483 -0.002619154 0.000540024 0.999982094 0.001108088 keyframe_000000.pcd
1 1778757649.192983150 -0.006497 -0.004107 0.030849 0.025227833 -0.006829898 -0.092209688 0.995396545 -0.184975421 keyframe_000001.pcd
2 1778757649.592931747 -0.014408 -0.023735 0.021351 0.065390059 -0.009041831 -0.178676557 0.981690926 -0.359705237 keyframe_000002.pcd
3 1778757649.788618088 -0.019618 -0.057475 0.015853 0.092344086 -0.007140544 -0.278401937 0.955988464 -0.563321928 keyframe_000003.pcd
4 1778757650.593332291 -0.033576 -0.054982 -0.011995 0.141637750 -0.007374907 -0.366290220 0.919628095 -0.745795695 keyframe_000004.pcd
5 1778757651.192945957 -0.010802 -0.028060 0.008090 0.086867082 -0.005576686 -0.274714720 0.957577586 -0.555598961 keyframe_000005.pcd
6 1778757651.393342972 -0.000857 0.000865 0.017705 0.046883758 -0.006865765 -0.170702057 0.984182697 -0.343355746 keyframe_000006.pcd
7 1778757651.693029881 0.008905 0.017260 0.024990 0.041525982 -0.005149450 -0.083386562 0.995638367 -0.167253001 keyframe_000007.pcd
8 1778757651.993317842 0.011646 0.052075 0.026699 -0.009820257 -0.019683759 0.017598530 0.999603123 0.035604302 keyframe_000008.pcd
9 1778757658.093205690 0.418905 0.195583 0.145599 -0.038174313 -0.021205697 0.105878916 0.993419698 0.213729912 keyframe_000009.pcd
10 1778757658.593220472 0.472198 0.280739 0.151676 -0.083250350 -0.011176304 0.233150417 0.968806148 0.470893605 keyframe_000010.pcd
11 1778757658.893050671 0.477778 0.325453 0.159170 -0.093073102 -0.008779846 0.319304449 0.943029682 0.649034311 keyframe_000011.pcd
12 1778757661.393270254 1.023007 1.098636 0.336709 -0.105820285 -0.030981377 0.402515196 0.908748446 0.830746627 keyframe_000012.pcd
13 1778757661.893124342 1.109580 1.286050 0.369791 -0.131720717 -0.029691679 0.481954975 0.865729437 1.006045318 keyframe_000013.pcd
14 1778757662.193125963 1.118128 1.436030 0.385275 -0.151927080 -0.034365030 0.572358424 0.805073314 1.218682073 keyframe_000014.pcd
15 1778757664.193123579 1.358077 2.437665 0.473859 -0.160081924 -0.031451964 0.563906011 0.809564428 1.197032788 keyframe_000015.pcd
16 1778757666.394169331 1.564851 3.454457 0.548052 -0.167610221 -0.034130516 0.585681539 0.792287232 1.250522968 keyframe_000016.pcd
17 1778757668.594088793 1.759316 4.310478 0.643844 -0.126681231 -0.032031381 0.506014704 0.852569631 1.061953467 keyframe_000017.pcd
18 1778757670.393063307 2.051279 4.986254 0.754878 -0.153060214 -0.034255753 0.588013528 0.793498081 1.257098147 keyframe_000018.pcd
19 1778757670.894018173 2.023461 5.191358 0.747315 -0.194102222 -0.052526117 0.682740046 0.702446699 1.507369762 keyframe_000019.pcd
20 1778757673.293086052 1.912740 6.209878 0.731415 -0.188883531 -0.038596207 0.688034503 0.699601220 1.519435884 keyframe_000020.pcd
21 1778757674.694091082 1.807537 6.753406 0.715609 -0.211814823 -0.032285022 0.760681416 0.612744597 1.737703243 keyframe_000021.pcd
22 1778757675.493930101 1.648564 7.008317 0.676213 -0.208669566 -0.040713172 0.824411353 0.524543012 1.960918970 keyframe_000022.pcd
23 1778757675.693895817 1.578391 7.059368 0.653822 -0.228135712 -0.024588408 0.865467817 0.445325685 2.138990087 keyframe_000023.pcd
24 1778757676.293936491 1.433723 7.135938 0.618490 -0.248236368 -0.019066445 0.902448049 0.351571751 2.344837574 keyframe_000024.pcd
25 1778757676.992998362 1.353055 7.141327 0.592492 -0.242512141 -0.029113848 0.935922955 0.253748828 2.565907655 keyframe_000025.pcd
26 1778757677.493047237 1.266649 7.125705 0.551789 -0.245745838 -0.019183990 0.957956422 0.146834775 2.806925135 keyframe_000026.pcd
27 1778757679.892867804 0.694803 7.166630 0.404415 -0.223340193 -0.025474190 0.972076637 0.067359004 2.983212209 keyframe_000027.pcd
28 1778757682.693836689 -0.276024 7.242925 0.128931 -0.254544157 -0.019933643 0.965543015 0.050364750 3.018103663 keyframe_000028.pcd
29 1778757684.692997932 -1.238945 7.276007 -0.169216 -0.266112365 -0.030711403 0.963136093 0.024695836 3.067161927 keyframe_000029.pcd
30 1778757685.393762350 -1.585151 7.338998 -0.270571 -0.273120162 -0.032257784 0.955102689 0.110198305 2.872295378 keyframe_000030.pcd
31 1778757687.293827295 -2.507944 7.445910 -0.517279 -0.264546643 -0.031365862 0.963823818 0.008654755 3.102910313 keyframe_000031.pcd
32 1778757687.793797016 -2.740288 7.389768 -0.594072 -0.260729914 -0.026571007 0.962422098 -0.071116791 -2.998497899 keyframe_000032.pcd
33 1778757688.693023682 -3.097335 7.265526 -0.704820 -0.258139598 -0.031081001 0.948103777 -0.183022257 -2.749169811 keyframe_000033.pcd
34 1778757688.993797541 -3.161375 7.195050 -0.719174 -0.249733848 -0.021581008 0.932176450 -0.261178734 -2.569122618 keyframe_000034.pcd
35 1778757689.493705750 -3.205724 7.105507 -0.748214 -0.237395728 -0.022807738 0.905681359 -0.350520115 -2.369994991 keyframe_000035.pcd
36 1778757689.893606901 -3.212597 7.017132 -0.751776 -0.237128189 -0.018184025 0.867343017 -0.437213510 -2.163731248 keyframe_000036.pcd
37 1778757691.493776321 -3.362610 6.667127 -0.803317 -0.210831868 0.004388094 0.824948162 -0.524396032 -1.965436955 keyframe_000037.pcd
38 1778757691.993706703 -3.371448 6.517859 -0.805728 -0.207590243 -0.005370757 0.768511809 -0.605200005 -1.763714903 keyframe_000038.pcd
39 1778757695.493700504 -3.475286 5.513289 -0.860251 -0.149871428 0.007537387 0.756222105 -0.636875082 -1.718706384 keyframe_000039.pcd
40 1778757698.593525648 -3.648972 4.518730 -0.926839 -0.189495158 0.014559035 0.740603822 -0.644504149 -1.671904043 keyframe_000040.pcd
41 1778757701.493562460 -3.744458 3.480126 -0.965406 -0.173128798 -0.003322364 0.753685111 -0.634014301 -1.712427627 keyframe_000041.pcd
42 1778757702.293360949 -3.869350 3.227355 -1.011569 -0.217561597 -0.007974242 0.806713073 -0.549379087 -1.900065833 keyframe_000042.pcd
43 1778757704.593477964 -4.096037 2.431450 -1.118504 -0.196510958 0.023109378 0.753723170 -0.626698319 -1.713729605 keyframe_000043.pcd
44 1778757707.292195559 -4.164744 1.413042 -1.152954 -0.172928089 -0.000297525 0.722401065 -0.669501672 -1.615975468 keyframe_000044.pcd
45 1778757709.493270636 -4.144004 0.525892 -1.170529 -0.178857665 0.020085065 0.660623502 -0.728823102 -1.441290068 keyframe_000045.pcd
46 1778757709.893285990 -4.074906 0.406827 -1.159863 -0.152788936 0.001398568 0.593423292 -0.790254631 -1.265521985 keyframe_000046.pcd
47 1778757710.393272161 -3.980535 0.311231 -1.136585 -0.122843087 -0.003240563 0.488826886 -0.863682436 -1.016612674 keyframe_000047.pcd
48 1778757710.693318844 -3.890210 0.290781 -1.108606 -0.098617679 -0.005165823 0.397815292 -0.912135331 -0.814698913 keyframe_000048.pcd
49 1778757710.993260622 -3.817081 0.295848 -1.093052 -0.087214135 -0.001076906 0.272183284 -0.958284298 -0.549324443 keyframe_000049.pcd
50 1778757711.393314600 -3.719130 0.307077 -1.072309 -0.063108430 -0.002994809 0.160579029 -0.984998849 -0.321584842 keyframe_000050.pcd
51 1778757711.693316936 -3.631252 0.344865 -1.033899 -0.016181144 0.009499329 0.060403811 -0.997997652 -0.121187038 keyframe_000051.pcd
52 1778757726.192988634 -2.649991 0.212559 -0.763453 -0.014647250 0.039595615 0.051024935 -0.997804641 -0.103481215 keyframe_000052.pcd
53 1778757738.092990160 -2.193563 0.248174 -0.636453 0.015253265 0.003237538 -0.038606663 -0.999132815 0.077323243 keyframe_000053.pcd
54 1778757741.393117428 -1.453017 0.297249 -0.423616 -0.023723119 0.023580460 0.055755559 -0.997884008 -0.112743692 keyframe_000054.pcd
55 1778757744.093007326 -0.762631 0.227894 -0.218301 0.009999446 0.035454673 -0.035956910 -0.998674160 0.072770579 keyframe_000055.pcd
56 1778757744.892939568 -0.551265 0.212082 -0.153806 -0.012145487 0.035434733 0.056344492 -0.997708457 -0.113810359 keyframe_000056.pcd
57 1778757745.193125486 -0.460595 0.136010 -0.139925 -0.054738857 -0.000824737 0.167195921 -0.984402611 -0.335404626 keyframe_000057.pcd
58 1778757747.492902756 -0.037914 0.016754 -0.017699 -0.016681191 0.056244253 0.075540018 -0.995415505 -0.153789684 keyframe_000058.pcd
