# idx stamp x y z qx qy qz qw yaw pcd_file
0 1778824266.375137568 -1.179666 -0.817061 -0.227886 0.225711681 0.024681815 -0.940482410 0.252859409 -2.598944122 keyframe_000000.pcd
1 1778824298.775683165 -1.997923 -1.363962 -0.436231 0.233567007 0.027211501 -0.932047430 0.275669323 -2.545614075 keyframe_000001.pcd
2 1778824307.675522089 -2.788856 -1.958652 -0.635659 0.242244482 0.030077062 -0.922739879 0.298268497 -2.491453200 keyframe_000002.pcd
3 1778824309.775460720 -3.337769 -2.451605 -0.736282 0.218706653 0.031243906 -0.888432608 0.402341546 -2.262336895 keyframe_000003.pcd
4 1778824309.975455761 -3.364135 -2.569253 -0.747601 0.208874995 0.022073441 -0.826736151 0.521911233 -1.977733966 keyframe_000004.pcd
5 1778824310.175554037 -3.371412 -2.705378 -0.779316 0.185824859 0.038242251 -0.772435301 0.606094348 -1.780478501 keyframe_000005.pcd
6 1778824310.575421572 -3.399254 -3.117740 -0.749474 0.183591005 0.034810162 -0.716673767 0.671908705 -1.602003874 keyframe_000006.pcd
7 1778824311.775493383 -3.391633 -4.173860 -0.783833 0.183146782 0.041967094 -0.686412084 0.702520085 -1.513797271 keyframe_000007.pcd
8 1778824312.475561142 -3.268117 -4.955970 -0.787825 0.156020730 0.028745588 -0.616299514 0.771366406 -1.322579215 keyframe_000008.pcd
9 1778824313.375530481 -3.023789 -5.988556 -0.708439 0.151739895 0.025069253 -0.588409332 0.793801609 -1.251533363 keyframe_000009.pcd
10 1778824314.175394058 -2.748400 -6.963224 -0.663953 0.158324269 0.031920178 -0.578729759 0.799366245 -1.226537280 keyframe_000010.pcd
11 1778824315.075347662 -2.407190 -8.035014 -0.581263 0.154385928 0.027429578 -0.575637072 0.802530103 -1.219246088 keyframe_000011.pcd
12 1778824315.875391722 -2.082507 -9.052356 -0.528073 0.140534026 0.043114207 -0.573518355 0.805895806 -1.215554403 keyframe_000012.pcd
13 1778824317.271649837 -1.730586 -10.048712 -0.478647 0.132294457 0.037633592 -0.567910450 0.811516858 -1.202249222 keyframe_000013.pcd
14 1778824318.375272751 -1.386181 -10.999242 -0.401022 0.127231380 0.027458764 -0.561133652 0.817427193 -1.185945222 keyframe_000014.pcd
15 1778824319.574935436 -1.044382 -11.979394 -0.341928 0.118374568 0.027756334 -0.550317341 0.826055610 -1.160370977 keyframe_000015.pcd
16 1778824323.075185776 -0.559553 -12.875838 -0.262124 0.116537146 -0.008607386 -0.521721953 0.845074677 -1.094943458 keyframe_000016.pcd
17 1778824323.775276423 -0.123851 -13.940393 -0.159030 0.125810247 0.006676554 -0.517409393 0.846412857 -1.082404365 keyframe_000017.pcd
18 1778824324.275184393 0.396956 -15.089520 -0.047392 0.138768627 0.028127116 -0.537386733 0.831364922 -1.127227803 keyframe_000018.pcd
19 1778824324.675136566 0.803775 -16.216474 0.058359 0.126608975 0.026919458 -0.586486390 0.799549388 -1.248781199 keyframe_000019.pcd
20 1778824325.075238228 1.170100 -17.289035 0.131567 0.151302373 0.051273597 -0.590420980 0.791126840 -1.257571806 keyframe_000020.pcd
21 1778824328.170781136 1.518842 -18.266311 0.158101 0.140192277 0.038507949 -0.589000594 0.794947522 -1.254266081 keyframe_000021.pcd
22 1778824329.075006723 1.775843 -19.233783 0.219097 0.158686301 0.029820997 -0.577399980 0.800336573 -1.223185977 keyframe_000022.pcd
23 1778824329.474215508 1.869729 -19.717750 0.239046 0.149607656 0.015431492 -0.654314213 0.741115598 -1.423441345 keyframe_000023.pcd
24 1778824329.675071478 1.850611 -19.983684 0.222229 0.210824259 0.022170991 -0.722897026 0.657633232 -1.619769976 keyframe_000024.pcd
25 1778824330.075117350 1.644007 -20.426094 0.189308 0.217877558 0.016331063 -0.792967367 0.568740206 -1.851626573 keyframe_000025.pcd
26 1778824330.275010586 1.486292 -20.631960 0.162432 0.199227554 0.003167664 -0.858198692 0.473068021 -2.098977135 keyframe_000026.pcd
27 1778824330.475119591 1.279597 -20.782858 0.107750 0.237197212 -0.007613116 -0.896149109 0.374961729 -2.302131868 keyframe_000027.pcd
28 1778824330.975189924 0.744537 -21.091674 -0.031564 0.252770791 0.009699739 -0.923043351 0.289834117 -2.496275810 keyframe_000028.pcd
29 1778824331.375157118 0.290547 -21.294128 -0.135414 0.247725073 0.014123133 -0.945410991 0.211260227 -2.679512999 keyframe_000029.pcd
30 1778824332.175143242 -0.685499 -21.586678 -0.357780 0.257661232 0.012735250 -0.948861547 0.181962271 -2.741493609 keyframe_000030.pcd
31 1778824332.975018024 -1.609222 -22.034273 -0.538354 0.243965740 0.023947477 -0.937793842 0.245865709 -2.607562039 keyframe_000031.pcd
32 1778824333.175001621 -1.808812 -22.200187 -0.591507 0.227168752 0.023988865 -0.916881436 0.327333659 -2.429296681 keyframe_000032.pcd
33 1778824333.375222921 -1.936943 -22.370441 -0.608898 0.216303150 0.050879878 -0.872307325 0.435550360 -2.191025392 keyframe_000033.pcd
34 1778824333.665237188 -2.141827 -22.658000 -0.591315 0.200937290 0.029602168 -0.834656376 0.511953759 -2.009164649 keyframe_000034.pcd
35 1778824334.475186825 -2.466397 -23.618772 -0.791407 0.208424802 0.022698811 -0.800116910 0.562011385 -1.877071073 keyframe_000035.pcd
36 1778824335.174830198 -2.798637 -24.371824 -0.838846 0.198678014 0.023595451 -0.845912473 0.494370701 -2.052409785 keyframe_000036.pcd
37 1778824335.775088310 -3.290981 -24.946209 -0.920360 0.232779176 0.016666252 -0.889943298 0.391837999 -2.273887824 keyframe_000037.pcd
38 1778824335.975105286 -3.512327 -25.102134 -0.966358 0.226392330 0.021109300 -0.938769249 0.258869091 -2.583641540 keyframe_000038.pcd
39 1778824336.171884537 -3.728511 -25.140573 -1.021905 0.247286783 -0.025425435 -0.957904315 0.143604034 -2.810323974 keyframe_000039.pcd
40 1778824336.474881411 -4.069731 -25.173304 -1.128081 0.239094579 -0.010615728 -0.969516675 0.052521467 -3.020708899 keyframe_000040.pcd
41 1778824337.374948025 -5.143068 -25.193767 -1.363994 0.242123950 0.006685532 -0.968154731 0.063306500 -3.005996184 keyframe_000041.pcd
42 1778824338.171056986 -6.097487 -25.442211 -1.554911 0.244146444 0.015663795 -0.961578171 0.124557541 -2.875183424 keyframe_000042.pcd
43 1778824338.975021601 -7.040478 -25.742350 -1.732284 0.239309527 0.012665176 -0.962289785 0.128720293 -2.865301421 keyframe_000043.pcd
44 1778824339.773560286 -8.019531 -25.977895 -1.960707 0.236624785 0.027835616 -0.961876045 0.134269742 -2.861437069 keyframe_000044.pcd
45 1778824340.574557781 -8.934196 -26.348944 -2.150122 0.250285791 0.026401504 -0.948529488 0.192228492 -2.728031574 keyframe_000045.pcd
46 1778824341.375199318 -9.876584 -26.734133 -2.353881 0.256169489 0.014549236 -0.946407182 0.196160543 -2.710855328 keyframe_000046.pcd
47 1778824342.175040960 -10.757874 -27.168507 -2.568922 0.251065373 0.023044950 -0.945469910 0.206208044 -2.694393360 keyframe_000047.pcd
48 1778824342.975718975 -11.685073 -27.575619 -2.771153 0.233599748 0.010499193 -0.948172814 0.215149341 -2.673994017 keyframe_000048.pcd
49 1778824343.775197506 -12.581825 -28.028269 -2.949166 0.231047653 0.016455481 -0.948154724 0.217597834 -2.672190490 keyframe_000049.pcd
50 1778824344.675188065 -13.629437 -28.472649 -3.167186 0.255538563 0.032006734 -0.942675638 0.212222180 -2.684026450 keyframe_000050.pcd
51 1778824345.475035191 -14.529519 -28.948654 -3.381383 0.246329988 0.015141303 -0.944800368 0.215509958 -2.670953477 keyframe_000051.pcd
52 1778824346.273195505 -15.443387 -29.386750 -3.631529 0.238792163 0.023335759 -0.946199257 0.217119116 -2.674018341 keyframe_000052.pcd
53 1778824346.874551773 -16.136912 -29.621548 -3.742569 0.231774945 0.013755028 -0.963011183 0.136750266 -2.849642345 keyframe_000053.pcd
54 1778824347.674669266 -17.122815 -29.870754 -4.006648 0.257425441 0.017027522 -0.958344187 0.122550501 -2.877859465 keyframe_000054.pcd
55 1778824348.475008011 -18.091432 -30.131511 -4.239090 0.251078308 0.030662994 -0.959378429 0.124949966 -2.881397480 keyframe_000055.pcd
56 1778824349.375060797 -19.118396 -30.454735 -4.461536 0.236813966 0.027910481 -0.961745045 0.134857773 -2.860144089 keyframe_000056.pcd
57 1778824350.274951458 -20.162202 -30.741797 -4.695877 0.240241579 0.013447132 -0.960381761 0.140605947 -2.839205482 keyframe_000057.pcd
58 1778824351.175022125 -21.226613 -31.080566 -4.937124 0.247840060 0.018491375 -0.957348023 0.147370746 -2.825141408 keyframe_000058.pcd
59 1778824351.975096226 -22.167930 -31.376535 -5.174772 0.244249417 0.013267584 -0.958559872 0.146045080 -2.826124158 keyframe_000059.pcd
60 1778824352.775230408 -23.116299 -31.710274 -5.338082 0.236094581 0.033076710 -0.959347240 0.151056787 -2.827063993 keyframe_000060.pcd
61 1778824353.575447559 -24.008848 -32.085458 -5.560454 0.246650826 0.055121410 -0.922821158 0.290733745 -2.518757876 keyframe_000061.pcd
62 1778824353.775097132 -24.145303 -32.303029 -5.626204 0.198081095 0.047859145 -0.871643794 0.445769535 -2.175660809 keyframe_000062.pcd
63 1778824353.875410557 -24.176900 -32.419775 -5.647835 0.209221758 0.075091013 -0.825676095 0.518504178 -1.997268021 keyframe_000063.pcd
64 1778824354.075561523 -24.219715 -32.669016 -5.623399 0.190823045 0.049693969 -0.755881893 0.624307327 -1.729113676 keyframe_000064.pcd
65 1778824354.474932194 -24.203742 -33.168527 -5.654971 0.172231296 0.041026561 -0.688204016 0.703582571 -1.519092575 keyframe_000065.pcd
66 1778824354.775406837 -24.177234 -33.511237 -5.592641 0.148473228 0.039464256 -0.606680047 0.779959995 -1.298719689 keyframe_000066.pcd
67 1778824355.675359249 -23.767349 -34.534506 -5.574954 0.128273672 0.036365578 -0.534341270 0.834687257 -1.120862594 keyframe_000067.pcd
68 1778824356.174254417 -23.457465 -35.054905 -5.513516 0.098175629 0.021754777 -0.431602535 0.896441592 -0.887510236 keyframe_000068.pcd
69 1778824356.372484207 -23.287479 -35.166008 -5.487088 0.047118906 0.049998149 -0.305125715 0.949830665 -0.617962970 keyframe_000069.pcd
70 1778824356.575317860 -23.139227 -35.226848 -5.404459 -0.000311058 0.029594641 -0.120136039 0.992316176 -0.241187150 keyframe_000070.pcd
71 1778824356.675047636 -23.074308 -35.209264 -5.367193 -0.023114667 0.003143095 -0.018770571 0.999551649 -0.037679080 keyframe_000071.pcd
72 1778824356.874269962 -22.890175 -35.132448 -5.320196 -0.068769467 0.009705534 0.112203609 0.991255221 0.223088845 keyframe_000072.pcd
73 1778824357.171229362 -22.521189 -34.979557 -5.253090 -0.084681103 0.026983205 0.205130929 0.974690884 0.408055322 keyframe_000073.pcd
74 1778824358.072966337 -21.580537 -34.407933 -5.086214 -0.063578087 0.026188044 0.235894840 0.969342890 0.472915833 keyframe_000074.pcd
75 1778824358.375016689 -21.201569 -34.344045 -5.007342 -0.017969470 0.032138686 0.110874261 0.993152104 0.221384534 keyframe_000075.pcd
76 1778824358.974161148 -20.449145 -34.252532 -4.845705 -0.015600822 0.015238618 0.023560587 0.999484516 0.046661047 keyframe_000076.pcd
77 1778824359.474654198 -19.845630 -34.119760 -4.668502 -0.038705758 0.019524171 0.127130133 0.990938242 0.253444948 keyframe_000077.pcd
78 1778824360.275011539 -18.896849 -33.742988 -4.474538 -0.049314689 0.033458265 0.158745233 0.985519435 0.315854768 keyframe_000078.pcd
79 1778824361.075207949 -17.960033 -33.434623 -4.257594 -0.049860921 0.033894929 0.162212863 0.984912184 0.322821868 keyframe_000079.pcd
80 1778824361.875357389 -17.030502 -33.079802 -4.062212 -0.048037554 0.010067642 0.159931791 0.985907125 0.320018028 keyframe_000080.pcd
81 1778824362.775272846 -15.990479 -32.690713 -3.799982 -0.030890273 0.027590049 0.173239348 0.984008490 0.346866251 keyframe_000081.pcd
82 1778824363.575357437 -15.053015 -32.334176 -3.596565 -0.043902812 0.014515864 0.169888346 0.984377866 0.340023986 keyframe_000082.pcd
83 1778824364.476201057 -14.026325 -31.936260 -3.375329 -0.046479772 0.030790974 0.174831099 0.983018633 0.348907723 keyframe_000083.pcd
84 1778824365.276233196 -13.077970 -31.565033 -3.143790 -0.060037769 0.023646109 0.174226421 0.982589172 0.347257507 keyframe_000084.pcd
85 1778824366.074225903 -12.151873 -31.176003 -2.931337 -0.045351375 0.011545890 0.183830396 0.981843333 0.368500494 keyframe_000085.pcd
86 1778824366.874494314 -11.229487 -30.816091 -2.709391 -0.051776430 0.017329886 0.184472153 0.981319979 0.369090270 keyframe_000086.pcd
87 1778824367.674699068 -10.292845 -30.380037 -2.527093 -0.059465238 0.020588228 0.185608093 0.980606774 0.370708314 keyframe_000087.pcd
88 1778824368.068441153 -9.864837 -30.138668 -2.414047 -0.101026419 0.027534941 0.302183795 0.947481105 0.607399673 keyframe_000088.pcd
89 1778824368.272701979 -9.672023 -29.959044 -2.354622 -0.103004573 0.001740645 0.383472746 0.917788473 0.783726490 keyframe_000089.pcd
90 1778824369.073895216 -8.917958 -29.218009 -2.225075 -0.070100150 0.038711786 0.310502669 0.947193465 0.627108495 keyframe_000090.pcd
91 1778824369.874461651 -8.007837 -28.695918 -2.042754 -0.059910849 0.028814015 0.234267971 0.969896366 0.469653010 keyframe_000091.pcd
92 1778824370.375821829 -7.399319 -28.461957 -1.918894 -0.028546753 0.038928266 0.131492938 0.990141041 0.262089593 keyframe_000092.pcd
93 1778824370.774736404 -6.919029 -28.407449 -1.846677 0.001885389 0.034836397 0.021862692 0.999152087 0.043940118 keyframe_000093.pcd
94 1778824371.575170755 -5.872699 -28.370080 -1.562397 -0.065978955 0.042258366 0.134056689 0.987871354 0.263667158 keyframe_000094.pcd
95 1778824372.376119375 -4.937046 -27.905314 -1.376459 -0.048649048 0.035617239 0.206086675 0.976674441 0.412287599 keyframe_000095.pcd
96 1778824373.176003456 -3.977235 -27.592410 -1.181832 -0.038360094 0.032285128 0.124850912 0.990907878 0.248159287 keyframe_000096.pcd
97 1778824373.976041079 -2.930717 -27.365481 -0.893337 -0.043346275 0.024987606 0.120465371 0.991455906 0.239413682 keyframe_000097.pcd
98 1778824374.776059389 -1.935317 -27.111791 -0.698539 -0.036874216 0.019518428 0.120625738 0.991820929 0.240418246 keyframe_000098.pcd
99 1778824375.574543476 -0.969390 -26.859018 -0.477926 -0.029421486 0.027125942 0.119987145 0.991968570 0.239163627 keyframe_000099.pcd
100 1778824376.472103119 0.046130 -26.575113 -0.138892 -0.047841585 0.037022033 0.116326226 0.991367117 0.229938292 keyframe_000100.pcd
101 1778824378.774305344 -0.860168 -26.766649 -0.471676 -0.059677747 0.020933160 0.234847675 0.969972649 0.471433956 keyframe_000101.pcd
102 1778824379.074247122 -0.811057 -26.698531 -0.505865 -0.059212864 0.033625349 0.327601206 0.942359073 0.664519562 keyframe_000102.pcd
103 1778824380.168752193 0.026060 -25.980892 -0.323690 -0.072600404 0.037309389 0.277362484 0.957291619 0.557335206 keyframe_000103.pcd
104 1778824380.675917864 0.533714 -25.716906 -0.129091 -0.060612674 0.018371080 0.191284897 0.979488997 0.382401740 keyframe_000104.pcd
105 1778824381.575922728 1.481810 -25.395630 0.103445 -0.052116467 0.020829377 0.148541827 0.987312178 0.295910493 keyframe_000105.pcd
106 1778824382.075982332 1.954942 -25.138304 0.187128 -0.068107151 0.021498979 0.250549304 0.965465823 0.503217541 keyframe_000106.pcd
107 1778824386.573791981 2.493850 -24.703849 0.279669 -0.120737603 0.005032210 0.354770593 0.927111069 0.720275050 keyframe_000107.pcd
108 1778824386.875710487 2.568230 -24.592588 0.285051 -0.103395237 -0.001022664 0.440751092 0.891653999 0.909768237 keyframe_000108.pcd
109 1778824387.973780870 3.107347 -23.701356 0.427421 -0.104043028 0.014313274 0.405537618 0.908025010 0.830113348 keyframe_000109.pcd
110 1778824388.475366116 3.480129 -23.420847 0.521209 -0.066840442 0.013446875 0.294148843 0.953324706 0.594656698 keyframe_000110.pcd
111 1778824388.775418758 3.724594 -23.350448 0.575334 -0.039592163 0.013737739 0.181319614 0.982530881 0.363470935 keyframe_000111.pcd
112 1778824390.075212717 4.723100 -23.109616 0.753552 -0.042428615 0.014218078 0.098387947 0.994141575 0.195795675 keyframe_000112.pcd
113 1778824394.775368690 5.689080 -22.914016 0.979038 -0.010913940 -0.015017501 0.125191433 0.991958903 0.251429144 keyframe_000113.pcd
114 1778824395.575541496 6.697231 -22.815932 1.184809 -0.003351363 -0.000236163 0.118074274 0.992999083 0.236700991 keyframe_000114.pcd
115 1778824396.374200821 7.674422 -22.647705 1.423293 -0.020979959 0.006422766 0.143983722 0.989336786 0.288669818 keyframe_000115.pcd
116 1778824402.575300455 8.672490 -22.539350 1.610494 -0.034891694 0.011150985 0.097283853 0.994582363 0.194031586 keyframe_000116.pcd
117 1778824403.475411415 9.293862 -22.349648 1.730915 -0.068049113 0.027050773 0.205250532 0.975966082 0.409612189 keyframe_000117.pcd
118 1778824403.975206375 9.394247 -22.217554 1.754040 -0.069063883 0.003502845 0.293829412 0.953353128 0.594855201 keyframe_000118.pcd
119 1778824404.974149704 10.231529 -21.687212 2.033873 -0.060701610 0.019476025 0.218556888 0.973739640 0.438026099 keyframe_000119.pcd
120 1778824406.275249958 11.174239 -21.333263 2.164926 -0.037672041 0.000708062 0.163561547 0.985813337 0.328326433 keyframe_000120.pcd
121 1778824407.373887300 12.172784 -20.972519 2.425323 -0.060941529 0.025091081 0.159847269 0.984939297 0.317891625 keyframe_000121.pcd
122 1778824408.273838997 13.148703 -20.631803 2.712086 -0.064281163 0.030215240 0.164328880 0.983845003 0.326263631 keyframe_000122.pcd
123 1778824409.473979473 14.115355 -20.194611 2.868067 -0.059557462 0.009482063 0.186056966 0.980686395 0.372666502 keyframe_000123.pcd
124 1778824410.975214481 15.060523 -19.785725 3.041303 -0.054841315 0.018285687 0.201032178 0.977877358 0.402608205 keyframe_000124.pcd
125 1778824412.475181818 15.920181 -19.216439 3.219805 -0.084104277 0.000744428 0.277690946 0.956981533 0.560939125 keyframe_000125.pcd
126 1778824414.068179369 16.812170 -18.737066 3.415022 -0.058495037 0.009406709 0.197840550 0.978442109 0.396708192 keyframe_000126.pcd
127 1778824415.575118065 17.718059 -18.292862 3.618441 -0.066881139 0.001235399 0.215473616 0.974215843 0.433307771 keyframe_000127.pcd
128 1778824416.871886492 18.630842 -17.824144 3.850581 -0.059210961 0.002448192 0.231064865 0.971131864 0.465344276 keyframe_000128.pcd
129 1778824417.474057198 19.233573 -17.570006 4.014702 -0.037718861 0.013440679 0.114603952 0.992603934 0.228626737 keyframe_000129.pcd
130 1778824418.572939157 20.398605 -17.478234 4.273200 -0.030095079 0.008552842 0.118637218 0.992444631 0.237254893 keyframe_000130.pcd
131 1778824419.374951124 21.294421 -17.068971 4.454125 -0.064784030 0.016580122 0.204387933 0.976603144 0.409066805 keyframe_000131.pcd
132 1778824420.175015926 22.184168 -16.653643 4.688089 -0.066581583 0.017831922 0.216056206 0.973944881 0.432702246 keyframe_000132.pcd
133 1778824421.075094938 23.082151 -16.189835 4.879230 -0.074877787 0.006345376 0.222418041 0.972051063 0.446601969 keyframe_000133.pcd
134 1778824422.275050879 23.944948 -15.703433 5.093629 -0.055853451 0.005984857 0.217116967 0.974527986 0.436507885 keyframe_000134.pcd
135 1778824422.774991751 24.405008 -15.600640 5.178603 -0.021851193 0.008955893 0.122117008 0.992234727 0.244437629 keyframe_000135.pcd
136 1778824423.875087261 25.435525 -15.359826 5.417035 -0.031671919 0.026899018 0.102192644 0.993896371 0.203192096 keyframe_000136.pcd
137 1778824424.575140953 26.117292 -15.183816 5.579386 -0.064696819 0.006622956 0.204179744 0.976770746 0.409690285 keyframe_000137.pcd
138 1778824425.574740410 26.924998 -14.619976 5.778229 -0.068332295 0.006088309 0.269137086 0.960655432 0.543192601 keyframe_000138.pcd
139 1778824426.574652433 27.801601 -14.070147 5.964814 -0.070523017 0.010642815 0.235279521 0.969307372 0.472681072 keyframe_000139.pcd
140 1778824427.174955606 28.392603 -13.847241 6.114817 -0.048666574 0.018440688 0.142894295 0.988368720 0.284863245 keyframe_000140.pcd
141 1778824428.175086260 29.364066 -13.543776 6.291406 -0.048865162 0.004080685 0.136421630 0.989436548 0.273002630 keyframe_000141.pcd
142 1778824429.174647093 30.297786 -13.241027 6.510517 -0.049615884 0.013819760 0.148308903 0.987598981 0.296135128 keyframe_000142.pcd
143 1778824430.275004625 31.245177 -12.887740 6.709867 -0.052298413 0.012461222 0.165622824 0.984722638 0.331188076 keyframe_000143.pcd
144 1778824431.375077009 32.208712 -12.540777 6.973035 -0.047033214 0.008802881 0.178371789 0.982799008 0.357552424 keyframe_000144.pcd
145 1778824432.075557232 32.778496 -12.410737 7.054466 -0.026011154 0.020198541 0.080202541 0.996234406 0.159583606 keyframe_000145.pcd
146 1778824433.175135374 33.758918 -12.225621 7.252945 -0.035932132 0.007950396 0.071720741 0.996745609 0.142920800 keyframe_000146.pcd
147 1778824434.175127983 34.752497 -12.063119 7.460514 -0.032989070 0.011389992 0.082690516 0.995963989 0.164771606 keyframe_000147.pcd
148 1778824435.274748802 35.729608 -12.002469 7.699562 0.010630528 0.019911562 -0.030917207 0.999267055 -0.061454695 keyframe_000148.pcd
149 1778824436.275174379 36.762013 -12.145822 7.935422 0.014250174 0.011210622 -0.070155110 0.997371302 -0.140121406 keyframe_000149.pcd
150 1778824437.271275043 37.816347 -12.286945 8.162570 0.013762547 0.005988580 -0.064678086 0.997793302 -0.129277837 keyframe_000150.pcd
151 1778824438.370472908 38.901191 -12.359320 8.409878 -0.015079257 0.023005438 -0.037933701 0.998901597 -0.076629772 keyframe_000151.pcd
152 1778824439.272864580 39.952928 -12.393875 8.639433 -0.019388266 0.025598690 -0.031465877 0.998988839 -0.063984135 keyframe_000152.pcd
153 1778824439.674589396 40.428011 -12.525252 8.758057 0.024573088 0.010259919 -0.142833401 0.989388456 -0.286124655 keyframe_000153.pcd
154 1778824440.474609137 41.350447 -12.917712 8.937785 0.040881205 0.029158297 -0.199258734 0.978659531 -0.399194452 keyframe_000154.pcd
155 1778824441.275342941 42.289012 -13.242060 9.142700 -0.014203172 0.040809030 -0.083151579 0.995599672 -0.168041711 keyframe_000155.pcd
156 1778824441.475453854 42.532303 -13.199861 9.196251 -0.032837040 0.018528109 0.045433685 0.998255588 0.089683811 keyframe_000156.pcd
157 1778824441.775430202 42.847780 -13.078881 9.240539 -0.065236164 0.020987223 0.144323004 0.987154826 0.286622271 keyframe_000157.pcd
158 1778824442.675443649 43.851645 -12.702686 9.471169 -0.022633017 0.021550849 0.102207046 0.994272109 0.203906156 keyframe_000158.pcd
159 1778824442.975301027 44.201130 -12.707909 9.573195 -0.009561993 0.017905182 0.005748098 0.999777441 0.011158648 keyframe_000159.pcd
160 1778824443.975338459 45.240624 -12.777497 9.782333 -0.004596676 0.022752331 -0.035231815 0.999109564 -0.070741092 keyframe_000160.pcd
161 1778824445.275034904 46.241947 -12.792844 9.990675 -0.001081651 0.008059238 -0.021953577 0.999725922 -0.043932353 keyframe_000161.pcd
162 1778824446.472357988 47.249066 -12.828134 10.187120 -0.014353575 0.021997989 -0.020456258 0.999445649 -0.041572441 keyframe_000162.pcd
163 1778824446.775331020 47.474380 -12.766647 10.273183 -0.051854166 0.017097167 0.119066109 0.991383929 0.236764182 keyframe_000163.pcd
164 1778824446.974309683 47.540288 -12.666781 10.284311 -0.098651365 -0.002310846 0.277223993 0.955724555 0.559812296 keyframe_000164.pcd
165 1778824447.173190594 47.539883 -12.556946 10.292614 -0.148790224 0.000723300 0.450144290 0.880472069 0.926979189 keyframe_000165.pcd
166 1778824447.272656202 47.526822 -12.504491 10.310479 -0.158047247 -0.000475408 0.538629144 0.827586543 1.130820439 keyframe_000166.pcd
167 1778824447.375294447 47.504282 -12.460691 10.302903 -0.164192019 -0.008345700 0.633616403 0.755977238 1.368628138 keyframe_000167.pcd
168 1778824447.475092411 47.463930 -12.427192 10.293080 -0.191803565 0.007813725 0.698200402 0.689685825 1.544856103 keyframe_000168.pcd
169 1778824447.574353695 47.423667 -12.396820 10.282770 -0.211013782 0.003558476 0.756791822 0.618649060 1.725186118 keyframe_000169.pcd
170 1778824447.774131536 47.310506 -12.327846 10.230197 -0.233995093 -0.014325273 0.874350755 0.424913920 2.185594950 keyframe_000170.pcd
171 1778824447.872836351 47.247926 -12.320367 10.206655 -0.229443048 -0.035497123 0.920310898 0.314839154 2.433944337 keyframe_000171.pcd
172 1778824447.968430996 47.176873 -12.313516 10.194383 -0.239083651 -0.045545226 0.942673954 0.228320953 2.616947092 keyframe_000172.pcd
173 1778824448.072678804 47.112523 -12.330776 10.180422 -0.244037838 -0.037383976 0.963074853 0.107400181 2.884953139 keyframe_000173.pcd
174 1778824448.172351122 47.065489 -12.332645 10.169873 -0.236822569 -0.024215843 0.970966663 0.023503244 3.077274346 keyframe_000174.pcd
175 1778824448.370769262 46.972259 -12.383501 10.143654 -0.227983151 -0.025829761 0.970914777 -0.068417845 -3.005880427 keyframe_000175.pcd
176 1778824448.674372673 46.833613 -12.449307 10.112094 -0.221093093 -0.005024393 0.962785335 -0.155360865 -2.806953541 keyframe_000176.pcd
177 1778824448.972651005 46.649649 -12.452928 10.097580 -0.210087519 -0.011564979 0.974936920 -0.072301369 -2.991695308 keyframe_000177.pcd
178 1778824449.175102949 46.514376 -12.404233 10.067437 -0.232993908 -0.000564954 0.970439587 0.062932727 3.003921078 keyframe_000178.pcd
179 1778824449.274882078 46.460490 -12.371793 10.046739 -0.220162994 -0.017049360 0.964564184 0.144407445 2.820917368 keyframe_000179.pcd
180 1778824449.475239277 46.387894 -12.264329 10.028732 -0.213768700 0.014449940 0.926182419 0.310290619 2.470475117 keyframe_000180.pcd
181 1778824449.575239897 46.379955 -12.197693 10.021648 -0.214080422 0.008355867 0.892990424 0.395812903 2.272947574 keyframe_000181.pcd
182 1778824449.674738169 46.375113 -12.134744 10.017657 -0.214823133 0.005298673 0.850828977 0.479492438 2.073984340 keyframe_000182.pcd
183 1778824449.774519920 46.379251 -12.061553 10.001021 -0.204089190 0.001254260 0.801740582 0.561745555 1.877981585 keyframe_000183.pcd
184 1778824449.972254276 46.401100 -11.935335 10.022912 -0.159017346 0.014594426 0.723706258 0.671378983 1.620312697 keyframe_000184.pcd
185 1778824450.276199102 46.439438 -11.703833 10.021836 -0.146456631 0.005072868 0.654123242 0.742056269 1.423119260 keyframe_000185.pcd
186 1778824451.376203060 46.604548 -10.687151 10.065841 -0.159333661 0.004877589 0.617245693 0.770452301 1.325245517 keyframe_000186.pcd
187 1778824452.475192070 46.819714 -9.670488 10.117538 -0.149156365 0.005591975 0.611742441 0.776847665 1.311701723 keyframe_000187.pcd
188 1778824452.775057793 46.943231 -9.404379 10.139509 -0.117753688 -0.010636335 0.499503130 0.858206013 1.043431025 keyframe_000188.pcd
189 1778824452.976092339 47.092722 -9.270571 10.178196 -0.084527777 0.015167747 0.376783752 0.922311769 0.768960165 keyframe_000189.pcd
190 1778824453.175142765 47.252400 -9.198391 10.215114 -0.054214293 0.014400068 0.277282978 0.959149414 0.560057543 keyframe_000190.pcd
191 1778824453.574819326 47.604864 -9.105559 10.302165 -0.032558174 0.019208387 0.151362811 0.987755184 0.302710773 keyframe_000191.pcd
192 1778824453.876094103 47.876106 -9.086121 10.353363 0.005566845 0.011622100 0.054048831 0.998455137 0.108299263 keyframe_000192.pcd
193 1778824454.974619627 48.922000 -9.133784 10.600112 -0.000228321 0.005557878 -0.012629186 0.999904776 -0.025262751 keyframe_000193.pcd
194 1778824455.772743702 49.664098 -9.023897 10.743662 -0.033652428 0.016969490 0.087610439 0.995441591 0.174297783 keyframe_000194.pcd
195 1778824456.876052380 50.659101 -8.710239 10.959421 -0.048572249 0.005814230 0.183105266 0.981875447 0.367369307 keyframe_000195.pcd
196 1778824457.974113464 51.568889 -8.193595 11.166837 -0.075010331 0.015993005 0.239833695 0.967779661 0.481208864 keyframe_000196.pcd
197 1778824459.173754692 52.427554 -7.645854 11.352311 -0.083352486 0.003009687 0.251916902 0.964147903 0.507305530 keyframe_000197.pcd
198 1778824460.475936413 53.259019 -6.991490 11.547607 -0.079722506 0.005111344 0.324328883 0.942565102 0.658257615 keyframe_000198.pcd
199 1778824461.776046991 53.975422 -6.281257 11.684129 -0.111922293 0.007831884 0.400912863 0.909219961 0.820148221 keyframe_000199.pcd
200 1778824463.075878382 54.525192 -5.401617 11.793031 -0.121638089 0.007151577 0.461529600 0.878716939 0.954025430 keyframe_000200.pcd
201 1778824464.275859356 55.019162 -4.536115 11.918711 -0.116023247 0.002353904 0.480478704 0.869294703 0.998098426 keyframe_000201.pcd
202 1778824464.975942612 55.344326 -4.097905 12.021819 -0.087809245 0.000690129 0.360137657 0.928757196 0.734527487 keyframe_000202.pcd
203 1778824465.375922918 55.645701 -3.931619 12.033141 -0.054585037 0.022500331 0.273206304 0.960141929 0.551042248 keyframe_000203.pcd
204 1778824465.875818968 55.929446 -3.707778 12.108097 -0.078487592 -0.003126717 0.359417013 0.929865223 0.733895925 keyframe_000204.pcd
205 1778824466.075720787 55.972376 -3.554817 12.129900 -0.128557305 -0.001693160 0.452258773 0.882571331 0.933844771 keyframe_000205.pcd
206 1778824466.275501251 55.985077 -3.404505 12.155352 -0.162081025 -0.013157422 0.585553964 0.794155639 1.246667229 keyframe_000206.pcd
207 1778824466.475785971 55.956256 -3.321627 12.126142 -0.177868270 -0.014936652 0.693670255 0.697826162 1.532602899 keyframe_000207.pcd
208 1778824466.774769783 55.898454 -3.228313 12.104828 -0.189595644 -0.033245633 0.756956079 0.624472349 1.724251651 keyframe_000208.pcd
209 1778824468.073944092 55.590905 -2.201020 12.082459 -0.171395785 -0.006370162 0.766091776 0.619424166 1.751584735 keyframe_000209.pcd
210 1778824471.375790358 55.400119 -1.693430 12.041511 -0.189754098 -0.020721447 0.840667637 0.506795746 2.019754971 keyframe_000210.pcd
211 1778824471.675772667 55.372406 -1.723578 12.031256 -0.199436431 -0.012607090 0.882377875 0.425999364 2.205692270 keyframe_000211.pcd
212 1778824472.275721073 55.369626 -1.707042 12.031309 -0.205733121 -0.017540669 0.840998051 0.500088479 2.025910270 keyframe_000212.pcd
213 1778824472.475749731 55.403031 -1.673598 12.044504 -0.193845438 -0.017707755 0.752667719 0.628968748 1.710026113 keyframe_000213.pcd
214 1778824472.575733423 55.437121 -1.667296 12.056362 -0.175162252 -0.018746862 0.692200738 0.699874902 1.528776561 keyframe_000214.pcd
215 1778824472.675695419 55.466775 -1.663375 12.058910 -0.159858721 -0.016354551 0.620143904 0.767853669 1.334770606 keyframe_000215.pcd
216 1778824472.875718355 55.520857 -1.689303 12.068272 -0.093041907 0.010650765 0.504716518 0.858190539 1.054789092 keyframe_000216.pcd
217 1778824473.175704479 55.557869 -1.689235 12.065924 -0.084956226 0.008381697 0.419053458 0.903939371 0.861789749 keyframe_000217.pcd
218 1778824474.975649357 56.168856 -0.848996 12.227076 -0.116446350 -0.001727819 0.496635548 0.860110687 1.035671290 keyframe_000218.pcd
219 1778824475.673884153 56.325875 -0.417551 12.251144 -0.129202076 -0.006073880 0.577039218 0.806409122 1.226784464 keyframe_000219.pcd
220 1778824477.174211025 56.552731 0.566029 12.315602 -0.138336066 -0.007595014 0.603176229 0.785483218 1.291613951 keyframe_000220.pcd
221 1778824478.273876429 56.800671 1.642110 12.420955 -0.141955368 0.000307643 0.602850895 0.785123797 1.289859463 keyframe_000221.pcd
222 1778824479.074437141 56.954018 2.628030 12.460760 -0.175939768 -0.012461836 0.683442045 0.708376222 1.503552847 keyframe_000222.pcd
223 1778824479.575514317 56.858291 3.202971 12.450782 -0.175229235 0.003265543 0.752049543 0.635378263 1.707368374 keyframe_000223.pcd
224 1778824480.675463676 56.586584 4.217684 12.417877 -0.164595431 -0.011030640 0.760673368 0.627823778 1.733606460 keyframe_000224.pcd
225 1778824480.973994493 56.609032 4.441863 12.416829 -0.162847709 -0.002014842 0.697452248 0.697880309 1.542970949 keyframe_000225.pcd
226 1778824482.375559568 56.665633 5.465413 12.457684 -0.142808420 -0.003020339 0.664627358 0.733394238 1.451938215 keyframe_000226.pcd
227 1778824483.475434303 56.749708 6.526257 12.529145 -0.156948762 -0.006633950 0.669264799 0.726228411 1.464358135 keyframe_000227.pcd
228 1778824484.475468636 56.795916 7.527146 12.535497 -0.169563175 0.001644080 0.674136231 0.718878271 1.477052521 keyframe_000228.pcd
229 1778824485.575438023 56.696890 8.593580 12.522023 -0.177599321 -0.014847860 0.733641167 0.655750456 1.650116906 keyframe_000229.pcd
230 1778824486.673739195 56.584267 9.651191 12.566214 -0.164608230 -0.005190366 0.707540222 0.687214687 1.572110477 keyframe_000230.pcd
231 1778824487.673411131 56.587416 10.658618 12.563432 -0.159096711 -0.001802478 0.669700066 0.725387351 1.465243109 keyframe_000231.pcd
232 1778824488.573204279 56.659728 11.694050 12.630873 -0.158401539 0.010901263 0.670587559 0.724639525 1.467504133 keyframe_000232.pcd
233 1778824489.373425722 56.655813 12.755304 12.633418 -0.171048069 -0.002605621 0.708507339 0.684655475 1.574893768 keyframe_000233.pcd
234 1778824489.975280285 56.543706 13.472790 12.660964 -0.175830884 -0.026022996 0.770954511 0.611584373 1.767852915 keyframe_000234.pcd
235 1778824490.875278234 56.120971 14.463977 12.561236 -0.205815395 -0.008890883 0.811272281 0.547172972 1.911929345 keyframe_000235.pcd
236 1778824491.475212812 55.925489 15.161777 12.546722 -0.167092022 -0.008875695 0.761793432 0.625837236 1.737370939 keyframe_000236.pcd
237 1778824492.375212669 55.720187 16.237549 12.462886 -0.198888437 -0.016497859 0.739585931 0.642793794 1.669205756 keyframe_000237.pcd
238 1778824493.575179577 55.514776 17.222531 12.439260 -0.172901845 -0.010064059 0.769852777 0.614272227 1.763825943 keyframe_000238.pcd
239 1778824494.075271368 55.284748 17.653765 12.432241 -0.194781627 -0.012203021 0.823097657 0.533311776 1.953451076 keyframe_000239.pcd
240 1778824495.073497772 54.816874 18.555306 12.309077 -0.196983659 -0.014946648 0.839359094 0.506409268 2.016996526 keyframe_000240.pcd
241 1778824496.072198629 54.280446 19.476512 12.201997 -0.213647241 -0.008028247 0.841109411 0.496815221 2.030114038 keyframe_000241.pcd
242 1778824497.175155163 53.739548 20.365444 12.090071 -0.207224019 -0.019423616 0.848128795 0.487194494 2.055472559 keyframe_000242.pcd
243 1778824498.275120497 53.149406 21.284529 11.965495 -0.206081293 -0.008869779 0.856142008 0.473785490 2.090360590 keyframe_000243.pcd
244 1778824499.473178625 52.551735 22.162429 11.827057 -0.205158197 -0.012449057 0.863539268 0.460494373 2.121676311 keyframe_000244.pcd
245 1778824499.975229740 52.277905 22.475233 11.772995 -0.190252527 -0.018022325 0.908088148 0.372632644 2.330908671 keyframe_000245.pcd
246 1778824500.273898840 52.046931 22.580905 11.717640 -0.219728851 -0.017185181 0.934814409 0.278470683 2.526979380 keyframe_000246.pcd
247 1778824500.575061321 51.786571 22.666780 11.679967 -0.242931275 -0.041875661 0.954801992 0.166084258 2.754036450 keyframe_000247.pcd
248 1778824500.775047064 51.595416 22.678491 11.631542 -0.231058569 -0.028095381 0.969977749 0.070468106 2.973721188 keyframe_000248.pcd
249 1778824501.275081635 51.148403 22.637657 11.527829 -0.228223505 -0.033925027 0.972840035 -0.018584677 -3.118499901 keyframe_000249.pcd
250 1778824501.674998283 50.791902 22.546095 11.462414 -0.225161922 -0.028754982 0.964197739 -0.137105726 -2.857458627 keyframe_000250.pcd
251 1778824502.075137377 50.471083 22.376840 11.398972 -0.212084372 -0.038099835 0.949897521 -0.226414049 -2.667868901 keyframe_000251.pcd
252 1778824502.675165176 49.993618 22.044388 11.328806 -0.208421626 -0.031806850 0.912608503 -0.350277704 -2.388381051 keyframe_000252.pcd
253 1778824503.075057983 49.791415 21.740552 11.257042 -0.193751892 -0.034789068 0.876332808 -0.439648421 -2.188917695 keyframe_000253.pcd
254 1778824504.175170183 49.288486 20.882581 11.115686 -0.193011838 -0.032810260 0.853422628 -0.483052518 -2.085203531 keyframe_000254.pcd
255 1778824505.275162220 48.784800 19.976975 11.018911 -0.185786555 -0.007076914 0.847748118 -0.496745812 -2.051122829 keyframe_000255.pcd
256 1778824505.975039959 48.494290 19.374211 10.953487 -0.178730565 -0.037727610 0.786550353 -0.589890290 -1.827628551 keyframe_000256.pcd
257 1778824506.175173044 48.514854 19.201234 10.920017 -0.145865995 -0.026603844 0.699610137 -0.698971389 -1.550520099 keyframe_000257.pcd
258 1778824506.374956846 48.591400 19.031915 10.926280 -0.114972348 -0.047843247 0.588431814 -0.798899482 -1.255659587 keyframe_000258.pcd
259 1778824506.574721813 48.675040 18.843763 10.986818 -0.093574447 -0.037271804 0.509457365 -0.854580499 -1.065241842 keyframe_000259.pcd
260 1778824507.074998379 48.963861 18.475884 11.060391 -0.081667063 -0.027325381 0.420611383 -0.903144440 -0.864239243 keyframe_000260.pcd
261 1778824507.273134232 49.092530 18.372748 11.111399 -0.052256746 -0.002527586 0.337390518 -0.939909827 -0.687332061 keyframe_000261.pcd
262 1778824507.674695015 49.407280 18.211281 11.181455 -0.035468454 -0.009959279 0.238318920 -0.970487967 -0.480438793 keyframe_000262.pcd
263 1778824508.774850845 50.329042 17.838659 11.349765 -0.028347657 -0.020238682 0.191427267 -0.980888581 -0.384256104 keyframe_000263.pcd
264 1778824509.974830389 51.279551 17.464422 11.565149 -0.014828590 -0.019918868 0.184824250 -0.982457810 -0.371415517 keyframe_000264.pcd
265 1778824511.175021648 52.257022 17.121063 11.782655 -0.010370806 -0.020486062 0.166376895 -0.985794855 -0.334098178 keyframe_000265.pcd
266 1778824512.875148773 53.016609 16.778753 11.946782 -0.068561798 -0.003773743 0.308719685 -0.948671279 -0.626048960 keyframe_000266.pcd
267 1778824513.075231791 53.111697 16.612997 11.975193 -0.098324537 -0.001392365 0.468765859 -0.877831941 -0.972736969 keyframe_000267.pcd
268 1778824513.275061846 53.139404 16.403949 11.942449 -0.155780973 -0.016332543 0.595357819 -0.788044798 -1.268961774 keyframe_000268.pcd
269 1778824513.375038624 53.108831 16.308760 11.935353 -0.159841610 -0.012460348 0.680484915 -0.715007468 -1.495027401 keyframe_000269.pcd
270 1778824513.475114107 53.063963 16.197928 11.930384 -0.174894070 0.001754977 0.750157814 -0.637708584 -1.701119414 keyframe_000270.pcd
271 1778824513.575047493 53.023285 16.128998 11.916378 -0.163838302 0.004142578 0.811469919 -0.560942440 -1.905412389 keyframe_000271.pcd
272 1778824513.775120735 52.900704 16.034543 11.905561 -0.198500521 0.010957518 0.862117201 -0.466080902 -2.112981744 keyframe_000272.pcd
273 1778824514.275167704 52.567242 15.746580 11.868088 -0.205804050 -0.005981300 0.905651377 -0.370681130 -2.334453092 keyframe_000273.pcd
274 1778824515.375188828 51.780010 15.058874 11.666769 -0.210451811 -0.021969520 0.912476564 -0.350162669 -2.384280896 keyframe_000274.pcd
275 1778824515.774984837 51.487847 14.699072 11.647717 -0.170121918 -0.011602403 0.868439548 -0.465549855 -2.134503239 keyframe_000275.pcd
276 1778824515.974735022 51.426157 14.449917 11.619011 -0.169550502 -0.050998454 0.791878029 -0.584449290 -1.848912799 keyframe_000276.pcd
277 1778824516.174691200 51.433727 14.242760 11.655509 -0.109754611 -0.011565877 0.683383487 -0.721669706 -1.504107965 keyframe_000277.pcd
278 1778824516.374620199 51.522306 14.013902 11.648970 -0.085770558 -0.055203738 0.555614275 -0.825159824 -1.177529577 keyframe_000278.pcd
279 1778824516.574840784 51.653929 13.846961 11.669481 -0.047830905 -0.037511945 0.468403910 -0.881420919 -0.974176776 keyframe_000279.pcd
280 1778824516.972767353 51.941918 13.564644 11.707935 -0.062599906 -0.050990011 0.387033861 -0.918523849 -0.792117548 keyframe_000280.pcd
281 1778824517.474749565 52.029601 13.438788 11.677204 -0.090951031 -0.041774596 0.484041221 -0.869302530 -1.006445376 keyframe_000281.pcd
282 1778824518.772816181 52.181861 12.906112 11.715205 -0.118217360 -0.029198736 0.561884385 -0.818204148 -1.188553665 keyframe_000282.pcd
283 1778824520.374774694 52.574770 11.915066 11.780890 -0.115420155 -0.015501238 0.540379267 -0.833323555 -1.137029304 keyframe_000283.pcd
284 1778824521.475198984 52.982587 10.910707 11.861894 -0.115105703 -0.024202202 0.535486243 -0.836312988 -1.125020804 keyframe_000284.pcd
285 1778824522.775138855 53.452203 9.941984 11.914082 -0.100078437 -0.021833787 0.533756757 -0.839411292 -1.122154137 keyframe_000285.pcd
286 1778824523.675011873 53.848978 9.004321 11.973592 -0.117969230 -0.047492041 0.524407046 -0.841917464 -1.098397721 keyframe_000286.pcd
287 1778824525.775441647 54.411671 8.082145 11.987631 -0.109626550 -0.033941102 0.528016875 -0.841444116 -1.107587770 keyframe_000287.pcd
288 1778824528.072305679 54.682895 7.249126 12.073413 -0.108897192 -0.004419737 0.601807267 -0.791169944 -1.288791367 keyframe_000288.pcd
289 1778824530.074964046 54.829109 6.196967 12.076288 -0.142492482 -0.017177336 0.636946828 -0.757429581 -1.377400918 keyframe_000289.pcd
290 1778824531.775120258 55.030722 5.151957 12.096286 -0.126500697 -0.025539722 0.621258693 -0.772905514 -1.337395669 keyframe_000290.pcd
291 1778824533.476371527 55.231736 4.166988 12.136908 -0.128272527 -0.023515149 0.611692013 -0.780273079 -1.312542276 keyframe_000291.pcd
292 1778824535.176341295 55.505397 3.189496 12.176644 -0.129260131 -0.013808783 0.592806021 -0.794784347 -1.264590354 keyframe_000292.pcd
293 1778824536.373770237 55.837684 2.162621 12.194170 -0.122010548 -0.024351456 0.595816565 -0.793424888 -1.272556660 keyframe_000293.pcd
294 1778824536.676312447 55.830216 1.872778 12.205673 -0.151746268 -0.025287693 0.680959476 -0.715980304 -1.497219387 keyframe_000294.pcd
295 1778824536.975845337 55.733373 1.634123 12.199040 -0.177777270 -0.016030902 0.748736890 -0.638381799 -1.698201955 keyframe_000295.pcd
296 1778824537.472532272 55.572176 1.216144 12.157259 -0.176152501 -0.024834193 0.804432073 -0.566782674 -1.886968954 keyframe_000296.pcd
297 1778824537.675153494 55.453223 1.069408 12.106774 -0.188269026 -0.024881490 0.864624859 -0.465144643 -2.128967188 keyframe_000297.pcd
298 1778824537.876324415 55.263021 0.981075 12.092179 -0.217527417 -0.000035619 0.919669239 -0.326940840 -2.425879668 keyframe_000298.pcd
299 1778824537.975099802 55.168120 0.952602 12.062187 -0.217510502 -0.000098608 0.944036891 -0.247958708 -2.602419624 keyframe_000299.pcd
300 1778824538.174008369 55.004495 0.930285 11.992276 -0.214741773 -0.015542998 0.969316113 -0.118619806 -2.893003922 keyframe_000300.pcd
301 1778824538.474441290 54.857775 0.957698 11.977011 -0.218042155 0.013585475 0.975370013 -0.030436685 -3.069410463 keyframe_000301.pcd
302 1778824542.575017691 54.495394 0.953821 11.926536 -0.231241101 -0.030389858 0.960386753 -0.152516538 -2.823336026 keyframe_000302.pcd
303 1778824542.876239538 54.384589 0.875870 11.894116 -0.217943162 -0.047004478 0.943794823 -0.244013707 -2.631108131 keyframe_000303.pcd
304 1778824544.476058722 53.912589 0.495476 11.753693 -0.199095589 -0.000560360 0.926908635 -0.318121070 -2.454364829 keyframe_000304.pcd
305 1778824546.476190090 53.075221 -0.062491 11.585149 -0.204229348 -0.022405208 0.940810289 -0.269563315 -2.568185032 keyframe_000305.pcd
306 1778824547.873966932 52.194066 -0.604411 11.403880 -0.216296226 -0.020189961 0.943721253 -0.249396279 -2.608002378 keyframe_000306.pcd
307 1778824548.475686312 51.762450 -0.768974 11.293568 -0.227740838 -0.017465834 0.959333799 -0.165854506 -2.788257901 keyframe_000307.pcd
308 1778824549.776056767 50.795159 -1.110200 11.085570 -0.218354930 -0.022163022 0.961972921 -0.162597738 -2.799664281 keyframe_000308.pcd
309 1778824551.076011896 49.849223 -1.481788 10.880026 -0.210360865 -0.010511313 0.961540723 -0.176287427 -2.766318333 keyframe_000309.pcd
310 1778824552.475951195 48.911353 -1.818713 10.685339 -0.214759538 -0.023310325 0.958898935 -0.183977723 -2.754132333 keyframe_000310.pcd
311 1778824553.875963449 47.998023 -2.197176 10.463776 -0.217617736 -0.020097540 0.970336325 -0.103373236 -2.927843703 keyframe_000311.pcd
312 1778824555.175692797 46.979383 -2.315404 10.259888 -0.215778224 0.003276697 0.971218939 -0.100810689 -2.922686606 keyframe_000312.pcd
313 1778824556.575830460 46.033099 -2.678995 10.040439 -0.212661322 -0.028802953 0.961512593 -0.171578220 -2.784165925 keyframe_000313.pcd
314 1778824557.872142315 45.078288 -3.095301 9.827244 -0.216964058 -0.023026013 0.957032883 -0.191009060 -2.738058979 keyframe_000314.pcd
315 1778824559.173451185 44.131761 -3.478158 9.599949 -0.215398603 -0.019711307 0.956373103 -0.196380739 -2.725168247 keyframe_000315.pcd
316 1778824560.475838900 43.213801 -3.858139 9.414883 -0.225414009 -0.023977654 0.968382915 -0.104154339 -2.927172582 keyframe_000316.pcd
317 1778824561.775839806 42.256000 -4.055088 9.199723 -0.220506796 -0.021599913 0.959854217 -0.172017668 -2.778300589 keyframe_000317.pcd
318 1778824563.175786734 41.316703 -4.445328 9.004054 -0.219021910 -0.018959792 0.955574999 -0.196332246 -2.723999954 keyframe_000318.pcd
319 1778824564.475651264 40.362508 -4.880940 8.793668 -0.210544880 -0.018420511 0.954524364 -0.210273101 -2.695389965 keyframe_000319.pcd
320 1778824565.773280144 39.406852 -5.286821 8.593486 -0.211585087 -0.002937464 0.964297260 -0.159229134 -2.799817654 keyframe_000320.pcd
321 1778824566.975451231 38.453782 -5.557328 8.376704 -0.216325267 -0.019330802 0.966230073 -0.138669194 -2.850955594 keyframe_000321.pcd
322 1778824568.273710728 37.528284 -5.995330 8.152132 -0.218697975 -0.029312493 0.954531009 -0.200455797 -2.719676131 keyframe_000322.pcd
323 1778824569.575536251 36.608709 -6.425995 7.955508 -0.212014130 -0.009346453 0.953177935 -0.215440195 -2.679799768 keyframe_000323.pcd
324 1778824570.875490189 35.677362 -6.793425 7.766394 -0.222597669 -0.014767303 0.958915894 -0.175249857 -2.767536196 keyframe_000324.pcd
325 1778824572.175471306 34.739708 -7.176622 7.536095 -0.210553927 -0.015915489 0.959355441 -0.187218799 -2.744774303 keyframe_000325.pcd
326 1778824573.375356197 33.760684 -7.621266 7.360590 -0.216140237 -0.006131309 0.955631270 -0.200036701 -2.710988291 keyframe_000326.pcd
327 1778824574.575431585 32.785775 -7.988278 7.098851 -0.225599760 -0.024702080 0.957224421 -0.179488057 -2.762157776 keyframe_000327.pcd
328 1778824575.973254681 31.806763 -8.348518 6.886228 -0.217804692 -0.017060628 0.968153320 -0.122266921 -2.885345908 keyframe_000328.pcd
329 1778824577.274071693 30.802885 -8.648330 6.703011 -0.215224783 -0.020380297 0.963826052 -0.155891876 -2.814107897 keyframe_000329.pcd
330 1778824578.573263407 29.855579 -9.020564 6.436108 -0.213969866 -0.018740394 0.960369358 -0.177641186 -2.766140281 keyframe_000330.pcd
331 1778824579.874961615 28.890237 -9.424548 6.240034 -0.210004912 -0.008787237 0.958215550 -0.194019797 -2.727014569 keyframe_000331.pcd
332 1778824581.174795389 27.984192 -9.818473 6.057617 -0.218062826 -0.020206879 0.954409104 -0.202838724 -2.710485157 keyframe_000332.pcd
333 1778824582.375246763 27.076407 -10.269821 5.836634 -0.216186672 -0.020854774 0.951327694 -0.218641303 -2.676443974 keyframe_000333.pcd
334 1778824583.175373077 26.503275 -10.472602 5.701355 -0.217738785 -0.003594379 0.967134906 -0.131251575 -2.859546867 keyframe_000334.pcd
335 1778824584.475280523 25.511490 -10.746872 5.476095 -0.225918335 -0.025992525 0.966189709 -0.121502018 -2.890181688 keyframe_000335.pcd
336 1778824585.775084972 24.498838 -11.035187 5.261820 -0.218414217 -0.017946849 0.965635456 -0.139718670 -2.847667438 keyframe_000336.pcd
337 1778824587.073129654 23.514676 -11.350339 5.012133 -0.226114706 -0.022548683 0.962068548 -0.150956303 -2.823853096 keyframe_000337.pcd
338 1778824588.372786760 22.544083 -11.702742 4.794065 -0.221109269 -0.021336266 0.961004110 -0.164701412 -2.794103288 keyframe_000338.pcd
339 1778824589.573640585 21.594155 -12.087605 4.593195 -0.211336086 -0.012193197 0.956886523 -0.198888328 -2.717468441 keyframe_000339.pcd
340 1778824590.875067472 20.730123 -12.600565 4.400732 -0.215635117 -0.021594192 0.945174644 -0.244295065 -2.620144469 keyframe_000340.pcd
341 1778824592.075152636 19.844896 -13.108508 4.201711 -0.206171237 -0.025880879 0.942323767 -0.262391921 -2.584809019 keyframe_000341.pcd
342 1778824593.275056362 18.996427 -13.644867 4.014114 -0.218708647 -0.024875415 0.941200991 -0.256297555 -2.593785870 keyframe_000342.pcd
343 1778824594.475161791 18.091906 -14.147209 3.780832 -0.214902897 -0.013977917 0.947088769 -0.238000475 -2.631129113 keyframe_000343.pcd
344 1778824595.675184965 17.203800 -14.668600 3.573187 -0.220595128 -0.030158861 0.943143507 -0.246796592 -2.616655459 keyframe_000344.pcd
345 1778824596.973564625 16.337369 -15.215922 3.367226 -0.214925506 -0.031335947 0.939873888 -0.263556748 -2.581573275 keyframe_000345.pcd
346 1778824597.474948645 15.898313 -15.402930 3.281129 -0.210927519 -0.018597485 0.963939023 -0.161199489 -2.802575532 keyframe_000346.pcd
347 1778824598.673345804 14.930258 -15.727674 3.078326 -0.214174360 -0.025521568 0.956555075 -0.196164169 -2.728517340 keyframe_000347.pcd
348 1778824599.974847317 13.981807 -16.174868 2.864263 -0.219097797 -0.025336081 0.949257226 -0.224198478 -2.665271072 keyframe_000348.pcd
349 1778824601.175077915 13.092520 -16.673065 2.651788 -0.211893008 -0.026932977 0.950394232 -0.226112301 -2.663785423 keyframe_000349.pcd
350 1778824602.275185823 12.136871 -17.065444 2.428506 -0.218339322 -0.029195940 0.959636102 -0.174854481 -2.776053594 keyframe_000350.pcd
351 1778824603.575173616 11.206162 -17.410267 2.246598 -0.214081302 -0.025867536 0.962558072 -0.164262059 -2.798553832 keyframe_000351.pcd
352 1778824604.775017500 10.289791 -17.759578 2.036507 -0.223708850 -0.023797349 0.958473535 -0.175261287 -2.771483358 keyframe_000352.pcd
353 1778824606.074759722 9.345822 -18.225332 1.811378 -0.214019517 -0.022302107 0.957753898 -0.190802866 -2.738894346 keyframe_000353.pcd
354 1778824607.275113821 8.362156 -18.578696 1.646890 -0.211367814 -0.015386174 0.955479928 -0.205292522 -2.704798464 keyframe_000354.pcd
355 1778824608.273097515 7.597624 -18.863423 1.465859 -0.217475089 -0.008834628 0.968533267 -0.120705620 -2.884936152 keyframe_000355.pcd
356 1778824608.474162340 7.416372 -18.880538 1.421078 -0.219671686 -0.019347592 0.974608373 -0.038839931 -3.067095212 keyframe_000356.pcd
357 1778824608.871044636 7.062292 -18.854929 1.335248 -0.209820196 0.004545063 0.976504792 0.048920529 3.038739695 keyframe_000357.pcd
358 1778824610.074766159 6.058118 -18.680914 1.120525 -0.229037956 -0.020656415 0.970179491 0.076594274 2.964509121 keyframe_000358.pcd
359 1778824611.175244331 5.057054 -18.510305 0.939962 -0.216336467 -0.025019555 0.972568579 0.081749093 2.953655037 keyframe_000359.pcd
360 1778824611.474848986 4.812981 -18.404738 0.873006 -0.221657420 -0.006459083 0.957888982 0.182414271 2.742387603 keyframe_000360.pcd
361 1778824611.975075483 4.447449 -18.186583 0.768277 -0.214307973 -0.002065496 0.933234904 0.288340839 2.513212780 keyframe_000361.pcd
362 1778824612.175160170 4.338876 -18.047325 0.761281 -0.200528942 -0.005300533 0.897874105 0.391895572 2.285418007 keyframe_000362.pcd
363 1778824612.575207472 4.181032 -17.722443 0.718765 -0.194771285 0.010273942 0.855419421 0.479808511 2.087087470 keyframe_000363.pcd
364 1778824613.675163269 3.668909 -16.843131 0.624366 -0.201386436 -0.014887911 0.840144162 0.503368295 2.021425579 keyframe_000364.pcd
365 1778824614.875019312 3.180599 -15.915800 0.511723 -0.189398236 -0.003123313 0.854570080 0.483558199 2.078626671 keyframe_000365.pcd
366 1778824615.975042820 2.613972 -15.093884 0.442449 -0.191940366 -0.006060299 0.856919786 0.478341561 2.088941997 keyframe_000366.pcd
367 1778824617.073116779 2.090663 -14.254768 0.282130 -0.205332646 -0.011606054 0.857452248 0.471677269 2.095278095 keyframe_000367.pcd
368 1778824618.072607040 1.669732 -13.419620 0.206104 -0.195813945 0.003024916 0.813311252 0.547880056 1.918901204 keyframe_000368.pcd
369 1778824619.175060511 1.283870 -12.402475 0.143501 -0.192409434 -0.012996304 0.796243653 0.573415863 1.855141834 keyframe_000369.pcd
370 1778824620.175017118 0.908275 -11.450584 0.024016 -0.190208660 -0.013698079 0.798148675 0.571482039 1.861470981 keyframe_000370.pcd
371 1778824620.976400852 0.652443 -10.470943 0.064092 -0.179975026 -0.004163188 0.755591748 0.629819631 1.718538782 keyframe_000371.pcd
372 1778824621.774974346 0.481566 -9.476606 -0.008747 -0.184501843 0.004779113 0.732552072 0.655212707 1.647157079 keyframe_000372.pcd
373 1778824622.576135159 0.345761 -8.430484 0.005910 -0.194967825 0.000494638 0.730802061 0.654152620 1.641962080 keyframe_000373.pcd
374 1778824623.375142813 0.181363 -7.420137 -0.049307 -0.183786955 0.011659224 0.737128937 0.650174859 1.661706638 keyframe_000374.pcd
375 1778824624.175080299 0.052825 -6.394827 -0.048316 -0.189900754 -0.001965488 0.739125882 0.646240490 1.667374393 keyframe_000375.pcd
376 1778824624.876111031 -0.221009 -5.554116 -0.099475 -0.187571728 -0.003777868 0.796727822 0.574480071 1.856771830 keyframe_000376.pcd
377 1778824625.774990559 -0.593983 -4.513226 -0.160924 -0.191268020 -0.012944235 0.806306113 0.559570767 1.890714105 keyframe_000377.pcd
378 1778824626.574952126 -0.978501 -3.576888 -0.203746 -0.185025586 -0.000459247 0.811443605 0.554368647 1.909385715 keyframe_000378.pcd
379 1778824627.475169182 -1.383014 -2.552812 -0.277497 -0.179997874 -0.014647536 0.813447816 0.552891369 1.914498221 keyframe_000379.pcd
380 1778824628.272410870 -1.755534 -1.614047 -0.403295 -0.184927914 -0.010321601 0.811539892 0.554164357 1.908715670 keyframe_000380.pcd
381 1778824628.775051594 -1.913623 -1.011723 -0.469356 -0.174422073 0.006756706 0.736568717 0.653450697 1.659246914 keyframe_000381.pcd
382 1778824628.974155664 -1.864896 -0.796895 -0.471539 -0.143060471 -0.008010051 0.626935196 0.765781823 1.352235216 keyframe_000382.pcd
383 1778824629.173648357 -1.783203 -0.675135 -0.426804 -0.106411140 0.006451396 0.477058641 0.872381856 0.990532044 keyframe_000383.pcd
384 1778824629.272592068 -1.735392 -0.664618 -0.405714 -0.084188388 0.001658970 0.385221959 0.918974214 0.788613155 keyframe_000384.pcd
385 1778824629.374859095 -1.682047 -0.664624 -0.401832 -0.068248223 0.015365662 0.284982983 0.955976347 0.575251976 keyframe_000385.pcd
386 1778824629.475183487 -1.632523 -0.678674 -0.406564 -0.052146125 0.021863350 0.175288864 0.982891952 0.350049121 keyframe_000386.pcd
387 1778824629.576054096 -1.613945 -0.701004 -0.393800 -0.029859700 0.022899853 0.082316660 0.995895558 0.163525800 keyframe_000387.pcd
388 1778824629.674631596 -1.597007 -0.734530 -0.385058 -0.015521767 0.022128084 -0.035489319 0.999004470 -0.071723010 keyframe_000388.pcd
389 1778824629.775062799 -1.597395 -0.786477 -0.376173 0.015406471 0.006132236 -0.149735398 0.988587046 -0.300403281 keyframe_000389.pcd
390 1778824629.876012325 -1.597908 -0.838278 -0.390141 0.053713781 0.027049527 -0.257958845 0.964282317 -0.519181780 keyframe_000390.pcd
391 1778824629.975673437 -1.610204 -0.885344 -0.388485 0.084677276 0.019114614 -0.363179904 0.927666291 -0.739282091 keyframe_000391.pcd
392 1778824630.074625015 -1.628432 -0.912057 -0.391655 0.110151208 0.016160741 -0.460470457 0.880665941 -0.951663469 keyframe_000392.pcd
393 1778824630.174350023 -1.656628 -0.940745 -0.390878 0.124900526 0.017535440 -0.548949627 0.826284863 -1.156788012 keyframe_000393.pcd
394 1778824630.375148058 -1.693758 -0.967981 -0.409358 0.141158831 0.026877153 -0.652617712 0.743936774 -1.419651775 keyframe_000394.pcd
395 1778824634.375944376 -1.644654 -0.950765 -0.384560 0.116367995 0.016105214 -0.583626612 0.803479365 -1.242441989 keyframe_000395.pcd
396 1778824634.575250149 -1.600776 -0.928259 -0.377800 0.085377801 0.014466259 -0.464563429 0.881295739 -0.962963979 keyframe_000396.pcd
397 1778824634.775094986 -1.562000 -0.894493 -0.386323 0.065980007 0.020573259 -0.307962518 0.948884855 -0.623133621 keyframe_000397.pcd
398 1778824634.875857115 -1.536076 -0.863054 -0.391715 0.045124266 0.017391875 -0.211732350 0.976130491 -0.425051995 keyframe_000398.pcd
399 1778824635.174994946 -1.533687 -0.808419 -0.374330 0.001834145 0.003666298 -0.015925322 0.999864780 -0.031839137 keyframe_000399.pcd
400 1778824635.575586319 -1.536517 -0.827663 -0.367088 -0.005211762 0.010456943 -0.133229451 0.991016349 -0.267398754 keyframe_000400.pcd
401 1778824635.775866508 -1.546280 -0.880052 -0.373305 0.034852480 0.008026750 -0.288786551 0.956725250 -0.585201320 keyframe_000401.pcd
402 1778824635.975004196 -1.562211 -0.969395 -0.392191 0.115864654 0.019916718 -0.445753752 0.887401994 -0.917657071 keyframe_000402.pcd
403 1778824636.075031996 -1.576044 -0.997428 -0.379317 0.120493730 0.022210089 -0.533982216 0.836570957 -1.121024639 keyframe_000403.pcd
404 1778824636.175353289 -1.602023 -1.019045 -0.383113 0.149736887 0.017600394 -0.617507814 0.771980046 -1.326101077 keyframe_000404.pcd
405 1778824636.274471998 -1.635247 -1.023442 -0.387772 0.162485057 0.019671051 -0.693358208 0.701759255 -1.531783345 keyframe_000405.pcd
406 1778824636.375848055 -1.672930 -1.025231 -0.410457 0.181926530 0.029931595 -0.764403780 0.617813644 -1.751341948 keyframe_000406.pcd
407 1778824636.475843668 -1.705530 -1.020218 -0.405385 0.188946612 0.027757220 -0.824609012 0.532492903 -1.965544363 keyframe_000407.pcd
408 1778824636.575518131 -1.737201 -1.013186 -0.400932 0.197640666 0.034748811 -0.877997896 0.434569191 -2.198878313 keyframe_000408.pcd
409 1778824636.675847054 -1.758825 -0.998380 -0.400243 0.201889157 0.034129542 -0.914563364 0.348783307 -2.395419413 keyframe_000409.pcd
410 1778824636.874665976 -1.796216 -0.970404 -0.423526 0.217271787 0.023742754 -0.943332225 0.249706960 -2.608484941 keyframe_000410.pcd
