# idx stamp x y z qx qy qz qw yaw pcd_file
0 1778846177.510451317 0.016624 0.226218 0.012084 -0.010249780 -0.016126786 -0.008749319 0.999779135 -0.017174057 keyframe_000000.pcd
1 1778846195.710227728 0.123703 0.234994 0.031973 -0.001794683 -0.021367061 0.000907720 0.999769675 0.001893446 keyframe_000001.pcd
2 1778846196.010141611 0.217835 0.244590 0.092749 -0.015532078 -0.013084860 -0.000733626 0.999793480 -0.001060842 keyframe_000002.pcd
3 1778846196.310019493 0.350091 0.245958 0.129762 -0.009807057 -0.018973005 0.009664001 0.999725189 0.019710151 keyframe_000003.pcd
4 1778846196.610109091 0.461888 0.238512 0.146480 0.009379253 -0.025122914 0.013461465 0.999549728 0.026476379 keyframe_000004.pcd
5 1778846196.910062551 0.585936 0.266083 0.182204 -0.009278278 -0.027823674 0.007380292 0.999542539 0.015294300 keyframe_000005.pcd
6 1778846197.210195541 0.715226 0.273970 0.225455 0.008786087 -0.032294980 0.022673737 0.999182536 0.044852580 keyframe_000006.pcd
7 1778846197.510196686 0.849046 0.282911 0.259372 -0.001906939 -0.018878652 0.014904481 0.999708866 0.029897978 keyframe_000007.pcd
8 1778846197.810146809 0.978950 0.302324 0.291964 -0.008319189 -0.025384080 0.018540877 0.999471198 0.037541074 keyframe_000008.pcd
9 1778846198.110150576 1.097338 0.295861 0.333002 0.006861999 -0.032470940 0.028604265 0.999039712 0.056859783 keyframe_000009.pcd
10 1778846198.410136223 1.221566 0.304812 0.373921 -0.006769158 -0.030230658 0.022623030 0.999263971 0.045720604 keyframe_000010.pcd
11 1778846198.809067965 1.394337 0.294286 0.427701 0.011958570 -0.037520038 0.038092280 0.998497981 0.075461469 keyframe_000011.pcd
12 1778846199.010147810 1.488867 0.303277 0.461477 -0.004942503 -0.020791279 0.031353165 0.999279877 0.062961822 keyframe_000012.pcd
13 1778846199.210001945 1.586989 0.323398 0.489912 -0.008300681 -0.023757248 0.035386016 0.999056816 0.071238187 keyframe_000013.pcd
14 1778846199.410112381 1.683418 0.334633 0.520584 -0.000921646 -0.029465319 0.043865692 0.998602397 0.087928110 keyframe_000014.pcd
15 1778846199.710081577 1.793979 0.363013 0.545444 -0.010415329 -0.021856627 0.041098094 0.998861730 0.082727993 keyframe_000015.pcd
16 1778846200.410030842 1.859535 0.347691 0.566191 -0.001847676 -0.022651072 -0.008949003 0.999701671 -0.017828226 keyframe_000016.pcd
17 1778846200.510004282 1.861913 0.336142 0.568516 0.009691491 -0.021413572 -0.048305815 0.998555999 -0.097124681 keyframe_000017.pcd
18 1778846200.710039616 1.861758 0.332378 0.570367 0.024585634 -0.023791191 -0.087071449 0.995614428 -0.175612566 keyframe_000018.pcd
19 1778846201.010189056 1.932087 0.312738 0.576638 0.045478252 -0.015733612 -0.119972259 0.991610225 -0.241759990 keyframe_000019.pcd
20 1778846201.309995174 2.049337 0.262905 0.611939 0.046507753 -0.021027188 -0.128527347 0.990391643 -0.259558495 keyframe_000020.pcd
21 1778846202.210177898 2.149301 0.234852 0.646293 0.035043923 -0.024795432 -0.142169174 0.988911035 -0.287065932 keyframe_000021.pcd
22 1778846202.610158205 2.256239 0.199689 0.674440 0.050710302 -0.033768931 -0.128099344 0.989888217 -0.260337399 keyframe_000022.pcd
23 1778846202.910035372 2.362834 0.164601 0.704124 0.044384532 -0.028485114 -0.138304312 0.988984595 -0.280003184 keyframe_000023.pcd
24 1778846203.210058689 2.497349 0.124560 0.744039 0.037860370 -0.025920516 -0.134596173 0.989837658 -0.271987795 keyframe_000024.pcd
25 1778846203.510093927 2.621475 0.085147 0.782877 0.048441216 -0.027433023 -0.123462753 0.990786469 -0.250130933 keyframe_000025.pcd
26 1778846203.710130692 2.706821 0.046466 0.820162 0.040194130 -0.014175986 -0.128624850 0.990777029 -0.258941019 keyframe_000026.pcd
27 1778846204.010002851 2.806059 0.026074 0.838088 0.034806502 -0.018232995 -0.123690534 0.991542595 -0.249223705 keyframe_000027.pcd
28 1778846204.610111713 2.935900 0.014477 0.875221 0.041290855 -0.019404123 -0.120359866 0.991681425 -0.242796137 keyframe_000028.pcd
29 1778846204.810089111 3.092379 -0.036770 0.920877 0.032213432 -0.009850988 -0.119279787 0.992289063 -0.239659048 keyframe_000029.pcd
30 1778846205.009882212 3.262444 -0.087728 0.987883 0.045402642 -0.021259990 -0.108105575 0.992874512 -0.218448076 keyframe_000030.pcd
31 1778846205.210151196 3.435048 -0.139062 1.051178 0.035332398 0.006308554 -0.122155808 0.991861776 -0.244356158 keyframe_000031.pcd
32 1778846205.310053110 3.521598 -0.169909 1.096216 0.029668372 -0.009946413 -0.122186827 0.992013728 -0.245489466 keyframe_000032.pcd
33 1778846205.409990311 3.623665 -0.207212 1.123165 0.025465710 -0.007503823 -0.121586847 0.992225695 -0.244091145 keyframe_000033.pcd
34 1778846205.609996319 3.756638 -0.241372 1.161650 0.027302485 -0.005245654 -0.115228924 0.992949824 -0.231175045 keyframe_000034.pcd
35 1778846206.009979010 3.863483 -0.248469 1.167395 0.026372010 -0.016756719 -0.121147968 0.992142580 -0.243770147 keyframe_000035.pcd
36 1778846206.810100317 3.992036 -0.283578 1.184983 0.039700848 -0.009843027 -0.108950340 0.993205307 -0.218959999 keyframe_000036.pcd
37 1778846207.110134840 4.109803 -0.302331 1.230523 0.023390906 -0.011774592 -0.116338813 0.992864293 -0.233727642 keyframe_000037.pcd
38 1778846209.110119820 4.208258 -0.311360 1.249165 0.023311445 -0.016041527 -0.096953621 0.994886547 -0.194969221 keyframe_000038.pcd
39 1778846209.710099220 4.306355 -0.323237 1.283265 0.019246727 -0.048854519 -0.100642575 0.993536044 -0.204162548 keyframe_000039.pcd
40 1778846210.109994888 4.420502 -0.342377 1.323962 0.038504186 -0.065927069 -0.094937675 0.992551201 -0.196290567 keyframe_000040.pcd
41 1778846210.310056686 4.531947 -0.362404 1.358494 0.023804011 -0.031911669 -0.087600488 0.995359819 -0.177142958 keyframe_000041.pcd
42 1778846210.409939289 4.572124 -0.358173 1.375839 0.005533433 -0.027929686 -0.051905947 0.998246005 -0.104286471 keyframe_000042.pcd
43 1778846210.510116816 4.603873 -0.347951 1.383834 -0.013755633 -0.021938182 -0.002637676 0.999661213 -0.004674547 keyframe_000043.pcd
44 1778846210.610124111 4.623889 -0.336689 1.387316 -0.021532614 -0.021951129 0.045736825 0.998480164 0.092492756 keyframe_000044.pcd
45 1778846210.710062742 4.632403 -0.329231 1.386102 -0.035715675 -0.016981856 0.073809794 0.996487893 0.148924623 keyframe_000045.pcd
46 1778846210.810068607 4.636975 -0.324270 1.382854 -0.040514601 -0.017085253 0.102849080 0.993724674 0.207341760 keyframe_000046.pcd
47 1778846211.110075951 4.656972 -0.299788 1.382815 -0.045434661 -0.017284649 0.129409735 0.990398936 0.260920859 keyframe_000047.pcd
48 1778846211.510041952 4.771100 -0.280184 1.422624 -0.032052350 -0.013389988 0.154614120 0.987364081 0.311220841 keyframe_000048.pcd
49 1778846211.710026264 4.858553 -0.241995 1.454046 -0.044846042 -0.012820948 0.132440161 0.990092955 0.266576195 keyframe_000049.pcd
50 1778846211.810018063 4.899022 -0.235799 1.468419 -0.046255022 -0.017569260 0.095893963 0.994161024 0.193565226 keyframe_000050.pcd
51 1778846212.009974241 4.964323 -0.244152 1.477061 -0.024902840 -0.004458189 0.055273017 0.998150723 0.110792259 keyframe_000051.pcd
52 1778846212.410165548 5.039218 -0.237422 1.498829 -0.022550345 -0.009563513 0.028880596 0.999282709 0.058193146 keyframe_000052.pcd
53 1778846212.810119152 5.138734 -0.255251 1.529303 -0.001481887 -0.012366772 0.022836948 0.999661613 0.045724923 keyframe_000053.pcd
54 1778846213.110128641 5.251431 -0.230923 1.570038 -0.028897722 -0.020221725 0.015800080 0.999252901 0.032776719 keyframe_000054.pcd
55 1778846213.410089970 5.346685 -0.230593 1.602994 -0.009409372 -0.024742225 0.032370464 0.999125337 0.065274077 keyframe_000055.pcd
56 1778846213.810210705 5.475575 -0.215989 1.641195 -0.017780599 -0.037131669 0.025170080 0.998835100 0.051764197 keyframe_000056.pcd
57 1778846214.110184908 5.604209 -0.195577 1.680958 -0.005029426 -0.042095436 0.041229981 0.998249852 0.083125631 keyframe_000057.pcd
58 1778846214.310041428 5.702043 -0.206705 1.708341 -0.002115394 -0.045209856 0.038226730 0.998243613 0.076898671 keyframe_000058.pcd
59 1778846214.510094166 5.808570 -0.197829 1.761874 -0.003496688 -0.024649763 0.038028973 0.998966446 0.076317302 keyframe_000059.pcd
60 1778846214.810099125 5.918972 -0.179193 1.785605 -0.006464399 -0.026851506 0.046853189 0.998519898 0.094186304 keyframe_000060.pcd
61 1778846215.202843666 6.042535 -0.184001 1.816786 -0.002001051 -0.017826780 0.043543570 0.998890464 0.087227153 keyframe_000061.pcd
62 1778846215.410109758 6.176068 -0.155700 1.858800 -0.014909513 -0.026707715 0.045976047 0.998474140 0.092866896 keyframe_000062.pcd
63 1778846215.710117102 6.402998 -0.123873 1.929478 -0.010539148 -0.020460334 0.054863262 0.998228593 0.110273501 keyframe_000063.pcd
64 1778846215.910202026 6.527064 -0.096238 1.977414 -0.019298011 -0.015536498 0.055629285 0.998144071 0.111931864 keyframe_000064.pcd
65 1778846216.110162258 6.626211 -0.089156 2.002732 -0.015963732 -0.017126666 0.055637527 0.998176488 0.111911090 keyframe_000065.pcd
66 1778846216.510149717 6.750848 -0.076827 2.015198 -0.005903461 -0.017906553 0.067496360 0.997541350 0.135367631 keyframe_000066.pcd
67 1778846217.010141134 6.846034 -0.057539 2.051117 -0.014392164 -0.024712771 0.065797181 0.997423118 0.132502506 keyframe_000067.pcd
68 1778846219.110068560 6.943834 -0.019677 2.064330 -0.029975757 -0.044874320 0.078012069 0.995490767 0.159252577 keyframe_000068.pcd
69 1778846219.310116529 7.032453 0.003975 2.109183 -0.022832340 -0.027444945 0.088873861 0.995402881 0.179372541 keyframe_000069.pcd
70 1778846219.510129213 7.141359 0.036954 2.133589 -0.026954350 -0.015585284 0.087369505 0.995689275 0.175790546 keyframe_000070.pcd
71 1778846220.110086441 7.230765 0.061796 2.158640 -0.046982141 -0.004283487 0.137769034 0.989340196 0.276516465 keyframe_000071.pcd
72 1778846220.210022449 7.228951 0.069161 2.165039 -0.065719433 -0.011836786 0.185188467 0.980431578 0.373294793 keyframe_000072.pcd
73 1778846220.309996605 7.219036 0.091207 2.166809 -0.078828011 -0.016973911 0.243695029 0.966494058 0.493536249 keyframe_000073.pcd
74 1778846220.410048008 7.212225 0.100257 2.164422 -0.080994138 -0.014972962 0.284587979 0.955104938 0.577739638 keyframe_000074.pcd
75 1778846220.510088444 7.206119 0.108514 2.157565 -0.097932436 -0.011714221 0.314644423 0.944071450 0.639574465 keyframe_000075.pcd
76 1778846220.610120058 7.198128 0.116635 2.157428 -0.100973039 -0.012743278 0.341674369 0.934291539 0.696681307 keyframe_000076.pcd
77 1778846220.810048580 7.184029 0.129514 2.154359 -0.123592056 -0.018500616 0.393803759 0.910659832 0.808543336 keyframe_000077.pcd
78 1778846220.910093784 7.173639 0.144892 2.153888 -0.133007077 -0.016573512 0.448717251 0.883565088 0.928304636 keyframe_000078.pcd
79 1778846221.010081768 7.151961 0.153278 2.148186 -0.149261573 -0.023035842 0.506538692 0.848886851 1.060016919 keyframe_000079.pcd
80 1778846221.110051394 7.138593 0.159437 2.144567 -0.150698107 -0.017671960 0.551037663 0.820570092 1.163828182 keyframe_000080.pcd
81 1778846221.210137844 7.130047 0.162695 2.135192 -0.163666831 -0.015186505 0.578539807 0.798920666 1.229492451 keyframe_000081.pcd
82 1778846221.409990788 7.114891 0.170287 2.120822 -0.179267245 -0.019622531 0.613216726 0.769053612 1.316328696 keyframe_000082.pcd
83 1778846221.710021973 7.107122 0.162412 2.120150 -0.186681598 -0.017396929 0.641098670 0.744204154 1.388218883 keyframe_000083.pcd
84 1778846221.910046577 7.088918 0.167022 2.116635 -0.197623218 -0.023450062 0.664278898 0.720505867 1.450972677 keyframe_000084.pcd
85 1778846222.210022688 7.068292 0.178126 2.106972 -0.208229420 -0.021273725 0.691881835 0.691004677 1.527619148 keyframe_000085.pcd
86 1778846222.308781624 7.055556 0.174320 2.103204 -0.213453220 -0.016645982 0.715055071 0.665474928 1.594948363 keyframe_000086.pcd
87 1778846222.510048628 7.013372 0.153098 2.099018 -0.236499076 -0.024937118 0.788259793 0.567532225 1.833675247 keyframe_000087.pcd
88 1778846222.610169172 6.993307 0.144950 2.094581 -0.241412662 -0.020689937 0.815620830 0.525408903 1.935805019 keyframe_000088.pcd
89 1778846222.709918976 6.982660 0.146335 2.085310 -0.246159877 -0.013565082 0.834872716 0.492147185 2.015115389 keyframe_000089.pcd
90 1778846222.810029268 6.971392 0.142285 2.080141 -0.250025412 -0.008075335 0.852333990 0.459291685 2.093169594 keyframe_000090.pcd
91 1778846223.010087729 6.963202 0.134253 2.084949 -0.247867981 -0.014056853 0.866668362 0.432723721 2.156912994 keyframe_000091.pcd
92 1778846233.910245180 6.967606 0.128956 2.087709 -0.244798438 -0.023962675 0.850774602 0.464415861 2.080987017 keyframe_000092.pcd
93 1778846234.010444641 6.973353 0.131564 2.094605 -0.240141926 -0.019289996 0.831844701 0.499994145 1.999744206 keyframe_000093.pcd
94 1778846234.110206604 6.977374 0.147054 2.097771 -0.241382825 -0.022387045 0.811347081 0.531929569 1.919329276 keyframe_000094.pcd
95 1778846234.310387373 6.973217 0.148694 2.094779 -0.240657656 -0.017667861 0.790376604 0.563095519 1.842154623 keyframe_000095.pcd
96 1778846235.210373640 6.938964 0.240533 2.072247 -0.227002117 -0.028018284 0.783680304 0.577520732 1.816188953 keyframe_000096.pcd
97 1778846235.610315561 6.910411 0.342301 2.062633 -0.221430371 -0.023551640 0.794438755 0.565049534 1.853043691 keyframe_000097.pcd
98 1778846235.910319090 6.853532 0.421674 2.057864 -0.235120101 -0.024991465 0.819226629 0.522457362 1.947725350 keyframe_000098.pcd
99 1778846236.110389233 6.814884 0.480872 2.050935 -0.222804314 -0.016512909 0.834593101 0.503527474 2.005463549 keyframe_000099.pcd
100 1778846236.411258459 6.751803 0.570083 2.034149 -0.227321654 -0.024425079 0.836450361 0.498075371 2.013695924 keyframe_000100.pcd
101 1778846236.710315228 6.677578 0.681230 2.009222 -0.216402455 -0.019113891 0.847621767 0.484088811 2.056578728 keyframe_000101.pcd
102 1778846237.010396242 6.635022 0.792002 1.995934 -0.214491766 -0.025405450 0.830481580 0.513466835 1.985924829 keyframe_000102.pcd
103 1778846237.110241175 6.625493 0.841717 2.004179 -0.219560792 -0.030440752 0.802778020 0.553546629 1.882590222 keyframe_000103.pcd
104 1778846237.210036278 6.633423 0.896203 2.003959 -0.216793606 -0.019413546 0.766348405 0.604428465 1.756200292 keyframe_000104.pcd
105 1778846237.308272123 6.646520 0.947856 1.999814 -0.205374593 -0.007550972 0.734994105 0.646179484 1.655116988 keyframe_000105.pcd
106 1778846237.510195971 6.666422 1.021724 2.018761 -0.174877393 -0.001792112 0.699477584 0.692925533 1.548680524 keyframe_000106.pcd
107 1778846237.710227728 6.688949 1.102108 2.019230 -0.176568333 -0.004926404 0.668925470 0.722037444 1.462686965 keyframe_000107.pcd
108 1778846238.010265827 6.689092 1.229243 2.018265 -0.163194858 -0.022238950 0.654698070 0.737728476 1.426163644 keyframe_000108.pcd
109 1778846238.210393906 6.681171 1.308137 2.013014 -0.174669636 -0.012988333 0.694704916 0.697643821 1.535453707 keyframe_000109.pcd
110 1778846238.310284615 6.669581 1.337548 2.001649 -0.191778546 -0.006978935 0.721923491 0.664829871 1.614861831 keyframe_000110.pcd
111 1778846238.410208225 6.650148 1.372292 1.989888 -0.205472676 -0.002489986 0.741328063 0.638911170 1.674969235 keyframe_000111.pcd
112 1778846238.610255003 6.615489 1.430094 1.996191 -0.211540161 -0.016309058 0.760748845 0.613388922 1.737305165 keyframe_000112.pcd
113 1778846238.910115480 6.561282 1.519588 1.977046 -0.224361762 -0.024686514 0.784304439 0.577857182 1.817936627 keyframe_000113.pcd
114 1778846239.310268164 6.520383 1.625938 1.961962 -0.204138912 -0.018540350 0.797039105 0.568077658 1.859529355 keyframe_000114.pcd
115 1778846239.610166311 6.462363 1.728615 1.956974 -0.213023262 -0.028655583 0.797089392 0.564312368 1.861043551 keyframe_000115.pcd
116 1778846240.010244846 6.460856 1.863679 1.965910 -0.181643630 -0.014069695 0.755048269 0.629848987 1.716775373 keyframe_000116.pcd
117 1778846240.111222267 6.485098 1.906283 1.970379 -0.183462842 -0.021585257 0.707700520 0.681935067 1.573480335 keyframe_000117.pcd
118 1778846240.210256577 6.504951 1.950947 1.976054 -0.179417399 -0.016521983 0.672665221 0.717675359 1.473826106 keyframe_000118.pcd
119 1778846240.311199903 6.529251 1.990322 1.975531 -0.169578546 -0.003507061 0.641306391 0.748302700 1.388218962 keyframe_000119.pcd
120 1778846240.410134554 6.547420 2.029503 1.973890 -0.171323162 -0.002838218 0.618602240 0.766793054 1.328561494 keyframe_000120.pcd
121 1778846240.810175180 6.554929 2.129438 1.971656 -0.165076839 -0.007869456 0.626676088 0.761554193 1.350392806 keyframe_000121.pcd
122 1778846241.110196352 6.542236 2.225100 1.974077 -0.179758666 -0.017213747 0.651945783 0.736449051 1.417482016 keyframe_000122.pcd
123 1778846241.510283709 6.560192 2.339439 1.989178 -0.158989305 -0.019054352 0.674460906 0.720736997 1.479584351 keyframe_000123.pcd
124 1778846241.810256481 6.561742 2.461025 1.990681 -0.172777623 -0.024979764 0.671327696 0.720307593 1.471315807 keyframe_000124.pcd
125 1778846242.110263824 6.559732 2.592280 1.989185 -0.167662053 -0.022525390 0.680076296 0.713357046 1.495285054 keyframe_000125.pcd
126 1778846242.410272360 6.561152 2.715567 1.988846 -0.178410382 -0.020537643 0.675466361 0.715187483 1.482024662 keyframe_000126.pcd
127 1778846242.710180044 6.559691 2.848234 1.987305 -0.179813718 -0.022374251 0.677576475 0.712780850 1.488048108 keyframe_000127.pcd
128 1778846243.010218859 6.566228 2.990958 1.987725 -0.161205158 -0.014997173 0.687346133 0.708055984 1.514975137 keyframe_000128.pcd
129 1778846243.310237885 6.559173 3.122128 1.993178 -0.187194181 -0.025573906 0.678424678 0.709960753 1.490617958 keyframe_000129.pcd
130 1778846243.610196829 6.548076 3.255013 1.993374 -0.175548424 -0.019593814 0.688565364 0.703332477 1.518573499 keyframe_000130.pcd
131 1778846244.010121107 6.556789 3.433251 1.993795 -0.186952228 -0.018118399 0.684117374 0.704772308 1.505691951 keyframe_000131.pcd
132 1778846244.310143948 6.557473 3.572457 1.992889 -0.183145042 -0.021898034 0.690372248 0.699545945 1.523790673 keyframe_000132.pcd
133 1778846244.610116482 6.556138 3.702505 1.994410 -0.176871462 -0.013774706 0.691803508 0.699953320 1.527224940 keyframe_000133.pcd
134 1778846244.810130596 6.537833 3.805319 1.990250 -0.187375593 -0.017162388 0.689673829 0.699246630 1.521285736 keyframe_000134.pcd
135 1778846245.011153698 6.526223 3.913382 1.981256 -0.187418745 -0.019620103 0.692096762 0.696772084 1.528391916 keyframe_000135.pcd
136 1778846245.310115576 6.524817 4.040898 1.985568 -0.178064242 -0.014750830 0.699024107 0.692416664 1.547892941 keyframe_000136.pcd
137 1778846245.510112286 6.512256 4.146699 1.989512 -0.191284878 -0.017087009 0.696075409 0.691807166 1.539481317 keyframe_000137.pcd
138 1778846245.710122585 6.498252 4.253616 1.964602 -0.194454141 -0.013870167 0.697253813 0.689806006 1.542592788 keyframe_000138.pcd
139 1778846246.010184288 6.496165 4.397993 1.977816 -0.177512248 -0.012741479 0.706068883 0.685415048 1.568113580 keyframe_000139.pcd
140 1778846246.210079908 6.492219 4.500162 1.983846 -0.192639502 -0.017494108 0.701897388 0.685510055 1.556280091 keyframe_000140.pcd
141 1778846246.410052061 6.488447 4.601574 1.975741 -0.193524854 -0.015962697 0.704487042 0.682635577 1.563682356 keyframe_000141.pcd
142 1778846246.610206127 6.488985 4.701178 1.985952 -0.183151811 -0.013742650 0.712879651 0.676808065 1.588085867 keyframe_000142.pcd
143 1778846247.010039330 6.465268 4.902379 1.979600 -0.195942943 -0.021766020 0.709000997 0.677089499 1.577312917 keyframe_000143.pcd
144 1778846247.210091591 6.466557 5.003978 1.965582 -0.198423702 -0.026689144 0.710827314 0.674270164 1.583152200 keyframe_000144.pcd
145 1778846247.510107279 6.450701 5.125905 1.963406 -0.192594006 -0.013569222 0.714670141 0.672287152 1.593433852 keyframe_000145.pcd
146 1778846247.910031796 6.445902 5.222185 1.968930 -0.187067100 -0.012646946 0.691957882 0.697165866 1.527433635 keyframe_000146.pcd
147 1778846248.011009216 6.458906 5.232598 1.970974 -0.182936823 -0.017951383 0.660489420 0.727987357 1.440512048 keyframe_000147.pcd
148 1778846248.110068798 6.484004 5.242083 1.977786 -0.174790485 -0.019522862 0.613949094 0.769502212 1.318466701 keyframe_000148.pcd
149 1778846248.210099459 6.516726 5.251997 1.987944 -0.155835831 -0.010675547 0.554922724 0.817105866 1.171661520 keyframe_000149.pcd
150 1778846248.298104525 6.547499 5.250409 1.997269 -0.130775760 -0.006826261 0.493429488 0.859871178 1.028004671 keyframe_000150.pcd
151 1778846248.410215378 6.584439 5.232983 2.009074 -0.103189033 0.005847308 0.405689269 0.908148694 0.831498232 keyframe_000151.pcd
152 1778846248.611055136 6.669707 5.222881 2.016001 -0.073021103 0.019581279 0.238872750 0.968103456 0.478975528 keyframe_000152.pcd
153 1778846248.710112095 6.709235 5.219855 2.038801 -0.051451943 0.020237380 0.194459715 0.979351094 0.389236223 keyframe_000153.pcd
154 1778846248.809917688 6.755172 5.217498 2.068136 -0.034537947 0.006950247 0.149312387 0.988162251 0.299136195 keyframe_000154.pcd
155 1778846248.909724951 6.828342 5.226945 2.098853 -0.031699144 0.002285429 0.117701615 0.992540312 0.235695295 keyframe_000155.pcd
156 1778846249.109517336 7.009986 5.247132 2.146324 -0.007910763 -0.000168253 0.082625548 0.996549251 0.165437218 keyframe_000156.pcd
157 1778846249.311195612 7.178448 5.258442 2.211589 0.001785556 -0.017814410 0.062680542 0.997873042 0.125439634 keyframe_000157.pcd
158 1778846249.411116362 7.279131 5.260629 2.237686 -0.000155696 0.003685506 0.055757103 0.998437549 0.111573196 keyframe_000158.pcd
159 1778846249.610113382 7.468771 5.258030 2.287302 -0.009769698 -0.009363317 0.048849145 0.998714495 0.097927495 keyframe_000159.pcd
160 1778846249.811007738 7.663502 5.259128 2.340166 -0.007882231 -0.007736605 0.045841136 0.998887684 0.091841267 keyframe_000160.pcd
161 1778846249.910092831 7.767654 5.263018 2.372946 -0.007558257 0.000995642 0.037570141 0.999264913 0.075140932 keyframe_000161.pcd
162 1778846250.109987974 7.938721 5.273461 2.416647 -0.012262908 -0.010528694 0.042555272 0.998963371 0.085401362 keyframe_000162.pcd
163 1778846250.410179138 8.051754 5.272819 2.455735 -0.008073209 -0.013968180 0.042217465 0.998978177 0.084706815 keyframe_000163.pcd
164 1778846251.410156488 8.159670 5.266996 2.475350 -0.004165841 -0.018060671 0.033750546 0.999258404 0.067696600 keyframe_000164.pcd
165 1778846251.710136175 8.277374 5.285654 2.512710 -0.002575826 -0.025456857 0.042505474 0.998768541 0.085249838 keyframe_000165.pcd
166 1778846252.105666876 8.321100 5.333752 2.533607 -0.034421719 -0.031550998 0.109064645 0.992937351 0.220886035 keyframe_000166.pcd
167 1778846252.210194111 8.316777 5.346574 2.529278 -0.045262468 -0.024325024 0.174236284 0.983362252 0.352296590 keyframe_000167.pcd
168 1778846252.410002708 8.299257 5.395341 2.524335 -0.077109664 -0.014680445 0.321139478 0.943773288 0.654262958 keyframe_000168.pcd
169 1778846252.510173798 8.284872 5.417466 2.514569 -0.104417187 0.000071513 0.400853036 0.910172450 0.821625879 keyframe_000169.pcd
170 1778846252.610049009 8.261115 5.425123 2.506926 -0.128272249 -0.009783690 0.477918672 0.868932824 0.993155029 keyframe_000170.pcd
171 1778846252.711004972 8.231683 5.433078 2.504934 -0.144554716 -0.007178852 0.556508267 0.818138709 1.175807505 keyframe_000171.pcd
172 1778846252.810972214 8.205715 5.431881 2.502275 -0.157274360 -0.010929324 0.624238089 0.765161508 1.344818822 keyframe_000172.pcd
173 1778846252.910094023 8.181876 5.439750 2.487752 -0.183953423 -0.011925953 0.659565756 0.728691926 1.437317805 keyframe_000173.pcd
174 1778846253.010977983 8.162667 5.446301 2.476254 -0.202903488 -0.024328470 0.683095131 0.701155719 1.503138474 keyframe_000174.pcd
175 1778846253.110955000 8.148846 5.447428 2.468599 -0.208265748 -0.026550590 0.717781742 0.663859785 1.603801711 keyframe_000175.pcd
176 1778846253.210050106 8.131796 5.433233 2.457498 -0.215476820 -0.026133542 0.761235941 0.611070061 1.739449015 keyframe_000176.pcd
177 1778846253.310988188 8.110753 5.419811 2.449767 -0.232072468 -0.016967963 0.804072742 0.547102808 1.890256794 keyframe_000177.pcd
178 1778846253.410120487 8.083136 5.406051 2.443185 -0.247245339 -0.010742342 0.845934590 0.472386509 2.063034434 keyframe_000178.pcd
179 1778846253.510050058 8.054473 5.393382 2.437788 -0.254156313 0.007343986 0.882478942 0.395703868 2.247213254 keyframe_000179.pcd
180 1778846253.610933542 8.025145 5.379809 2.427274 -0.263277924 0.021493787 0.904467493 0.334904922 2.390725270 keyframe_000180.pcd
181 1778846253.710929632 8.011281 5.353442 2.425875 -0.265793408 0.011935914 0.919768505 0.288508745 2.493298759 keyframe_000181.pcd
182 1778846253.811053991 8.001819 5.332165 2.424625 -0.267072018 0.003367688 0.929406616 0.254685173 2.566510322 keyframe_000182.pcd
183 1778846253.910978794 7.995901 5.320278 2.426009 -0.266758187 -0.010000618 0.936331079 0.228088071 2.620627269 keyframe_000183.pcd
184 1778846254.010082483 7.993085 5.314506 2.427088 -0.268568987 -0.010467616 0.943572845 0.193472000 2.698337546 keyframe_000184.pcd
185 1778846254.110033989 7.982513 5.300477 2.426124 -0.270491873 -0.008538935 0.952213461 0.141600697 2.816418142 keyframe_000185.pcd
186 1778846254.210974455 7.969217 5.289471 2.417720 -0.273765927 -0.004779777 0.957441691 0.091295013 2.931826757 keyframe_000186.pcd
187 1778846254.310035467 7.965304 5.280631 2.417106 -0.276411699 0.000002668 0.959258078 0.058485144 3.008858416 keyframe_000187.pcd
188 1778846254.410017967 7.965403 5.263638 2.415575 -0.280559179 -0.008315930 0.959311896 0.030628081 3.066286044 keyframe_000188.pcd
189 1778846254.510956049 7.959755 5.247154 2.406088 -0.289744342 -0.018073178 0.956933203 0.000649415 3.127513356 keyframe_000189.pcd
190 1778846254.711031914 7.896555 5.228030 2.396087 -0.278579455 -0.011756839 0.959864839 -0.030244916 -3.080560321 keyframe_000190.pcd
191 1778846254.910120487 7.775147 5.208011 2.356258 -0.274470436 -0.008214584 0.959880130 -0.056821087 -3.018155699 keyframe_000191.pcd
192 1778846255.111603737 7.628284 5.187306 2.320462 -0.274423945 -0.015080776 0.959389208 -0.063532800 -3.007343877 keyframe_000192.pcd
193 1778846255.310012579 7.480358 5.155645 2.294791 -0.277533222 -0.011668382 0.958013756 -0.071054929 -2.987688712 keyframe_000193.pcd
194 1778846255.510871649 7.362552 5.143382 2.251772 -0.275183562 -0.012818686 0.958827531 -0.068988794 -2.993416893 keyframe_000194.pcd
195 1778846255.611015797 7.325444 5.152572 2.237470 -0.284770582 -0.016867348 0.957508979 -0.042400033 -3.055985075 keyframe_000195.pcd
196 1778846255.710982561 7.297241 5.156646 2.228698 -0.281532141 -0.012607350 0.959298221 -0.018100591 -3.108745063 keyframe_000196.pcd
197 1778846255.910969019 7.272805 5.165730 2.215877 -0.274110911 -0.015659302 0.961492388 0.012263093 3.103742195 keyframe_000197.pcd
198 1778846256.210041046 7.247808 5.172595 2.199904 -0.270573320 -0.023268051 0.961826900 0.033729671 3.050834563 keyframe_000198.pcd
199 1778846256.510965824 7.116619 5.181640 2.158646 -0.269651731 -0.013229482 0.962213764 0.035462620 3.053354561 keyframe_000199.pcd
200 1778846256.710061550 6.983941 5.188009 2.125411 -0.269546238 -0.007403531 0.962150986 0.039439752 3.048058042 keyframe_000200.pcd
201 1778846256.910896063 6.840304 5.202831 2.097356 -0.273674019 -0.015000547 0.960901055 0.039327822 3.042999826 keyframe_000201.pcd
202 1778846257.110984802 6.695534 5.208103 2.047174 -0.272511704 -0.012480595 0.961453335 0.034483198 3.055700996 keyframe_000202.pcd
203 1778846257.310880423 6.565372 5.201804 2.001535 -0.278653302 -0.012090137 0.960271954 0.009161902 3.112787494 keyframe_000203.pcd
204 1778846257.510896921 6.443731 5.162445 1.974874 -0.264892524 -0.031293119 0.963363471 -0.027991330 -3.098090040 keyframe_000204.pcd
205 1778846257.711032629 6.335023 5.132842 1.937462 -0.263945791 -0.016577854 0.962615918 -0.058552441 -3.020410614 keyframe_000205.pcd
206 1778846258.010953903 6.183976 5.116631 1.888314 -0.271412893 -0.008988954 0.959886436 -0.069801646 -2.989588883 keyframe_000206.pcd
207 1778846258.210100889 6.072600 5.093561 1.869874 -0.265272169 -0.006499665 0.961166446 -0.075812221 -2.975303882 keyframe_000207.pcd
208 1778846258.511039495 5.964928 5.072295 1.832405 -0.265275800 -0.000735297 0.960201917 -0.087409880 -2.945705004 keyframe_000208.pcd
209 1778846258.810789585 5.836781 5.050749 1.787204 -0.271001455 -0.006429856 0.960847275 -0.057353140 -3.016175871 keyframe_000209.pcd
210 1778846259.010789156 5.733878 5.040114 1.754579 -0.271007811 -0.008400665 0.961340340 -0.048051497 -3.038441785 keyframe_000210.pcd
211 1778846259.310863972 5.560768 5.036919 1.700114 -0.267959039 0.002629046 0.962439068 -0.043612862 -3.041808776 keyframe_000211.pcd
212 1778846259.510981798 5.450957 5.024906 1.676176 -0.268610611 -0.009605053 0.962299426 -0.041664098 -3.053782843 keyframe_000212.pcd
213 1778846259.910855770 5.346252 5.025309 1.638944 -0.263779674 -0.017805507 0.963462763 -0.042927282 -3.056256706 keyframe_000213.pcd
214 1778846260.410854816 5.226912 5.015172 1.599931 -0.267203055 -0.000738737 0.962711071 -0.042301002 -3.046925669 keyframe_000214.pcd
215 1778846260.610813379 5.104036 5.003744 1.571526 -0.264731685 -0.005142316 0.963293309 -0.044234508 -3.045503307 keyframe_000215.pcd
216 1778846260.710879564 5.037694 5.005776 1.553148 -0.267395833 -0.016404127 0.963224966 -0.020689084 -3.105301926 keyframe_000216.pcd
217 1778846260.810857534 4.992782 5.016275 1.551089 -0.264735160 -0.007153005 0.964097019 0.019520928 3.093406306 keyframe_000217.pcd
218 1778846260.910947084 4.958390 5.048050 1.543737 -0.263491867 0.003393184 0.961675200 0.075771576 2.973769117 keyframe_000218.pcd
219 1778846261.010863543 4.935178 5.064895 1.535559 -0.264671093 -0.004599954 0.957124412 0.117647412 2.874587831 keyframe_000219.pcd
220 1778846261.110772610 4.924451 5.081776 1.534078 -0.262972746 -0.007614788 0.953651309 0.146070294 2.809330940 keyframe_000220.pcd
221 1778846261.310854197 4.885652 5.109840 1.519243 -0.259583926 -0.007534928 0.948427671 0.181781086 2.730128958 keyframe_000221.pcd
222 1778846261.510890722 4.801504 5.117768 1.489657 -0.264535281 -0.000161795 0.953054401 0.147337601 2.810264309 keyframe_000222.pcd
223 1778846261.610845804 4.740953 5.115941 1.478335 -0.271738748 0.005245050 0.957520915 0.096354765 2.927047161 keyframe_000223.pcd
224 1778846261.710783720 4.691230 5.101006 1.459397 -0.281211104 -0.000137714 0.958768290 0.041032448 3.047936408 keyframe_000224.pcd
225 1778846261.810923815 4.645207 5.086248 1.439375 -0.280431076 -0.007080939 0.959847467 -0.001054316 3.139281714 keyframe_000225.pcd
226 1778846262.011126280 4.556104 5.047908 1.417731 -0.268856597 -0.031726042 0.961480834 -0.047583539 -3.054329261 keyframe_000226.pcd
227 1778846262.210804462 4.470445 5.014746 1.388468 -0.266472679 -0.016819607 0.959924017 -0.085178011 -2.960355468 keyframe_000227.pcd
228 1778846262.510889769 4.359191 4.998431 1.352191 -0.262985352 -0.013966777 0.959710020 -0.097981184 -2.930283488 keyframe_000228.pcd
229 1778846262.710707664 4.278936 4.992611 1.327011 -0.250584661 -0.020851253 0.966887905 -0.043592802 -3.056971520 keyframe_000229.pcd
230 1778846262.810835123 4.240376 5.007151 1.310428 -0.265807088 -0.008296624 0.963990486 -0.000316653 3.137167233 keyframe_000230.pcd
231 1778846262.910782576 4.196509 5.024490 1.299847 -0.261425074 -0.018216224 0.964364639 0.036413513 3.049188162 keyframe_000231.pcd
232 1778846263.110699892 4.124707 5.062647 1.287225 -0.253177438 0.002429064 0.963540857 0.086511862 2.950805707 keyframe_000232.pcd
233 1778846263.310751677 4.027597 5.092454 1.262355 -0.260384490 0.000164595 0.960341473 0.099720341 2.918666714 keyframe_000233.pcd
234 1778846263.510837555 3.920198 5.080600 1.234118 -0.257618614 -0.015567451 0.965444564 0.036153809 3.051821484 keyframe_000234.pcd
235 1778846263.610905170 3.868850 5.065106 1.219203 -0.262184172 -0.005406714 0.965002708 -0.000021235 3.138353171 keyframe_000235.pcd
236 1778846263.710848808 3.833216 5.055539 1.202700 -0.268770098 -0.006297034 0.962863495 -0.024836916 -3.089614871 keyframe_000236.pcd
237 1778846264.010808945 3.701734 5.024350 1.159562 -0.270459165 -0.022228469 0.960507900 -0.061500485 -3.016827799 keyframe_000237.pcd
238 1778846264.210828781 3.608619 5.024957 1.122176 -0.265728787 -0.021557991 0.963659851 -0.016827239 -3.117157918 keyframe_000238.pcd
239 1778846264.310564756 3.567456 5.040423 1.119304 -0.260401535 -0.005060278 0.965384121 0.014104374 3.107036702 keyframe_000239.pcd
240 1778846264.410784245 3.534444 5.059814 1.111955 -0.257082980 -0.003281566 0.965628711 0.038193783 3.054578142 keyframe_000240.pcd
241 1778846264.610851288 3.483537 5.077766 1.099920 -0.256313068 -0.012839718 0.964125131 0.067834241 2.983075029 keyframe_000241.pcd
242 1778846265.010890961 3.464004 5.055667 1.087084 -0.246833723 -0.012889820 0.968276262 0.036715758 3.053336292 keyframe_000242.pcd
243 1778846265.110702753 3.466795 5.033654 1.087685 -0.250041655 -0.008712801 0.968180686 -0.005423785 -3.134568784 keyframe_000243.pcd
244 1778846265.210797071 3.461545 5.019879 1.087041 -0.251542139 -0.003375298 0.967201499 -0.035162762 -3.065594192 keyframe_000244.pcd
245 1778846265.410871506 3.459674 4.997792 1.084126 -0.250411350 -0.014789436 0.964759888 -0.079459346 -2.973903731 keyframe_000245.pcd
246 1778846265.609573364 3.443133 4.990536 1.081241 -0.245842911 -0.004209265 0.963413652 -0.106666210 -2.908334896 keyframe_000246.pcd
247 1778846265.807915688 3.404529 4.972112 1.073605 -0.247329908 0.023913895 0.958998711 -0.136299355 -2.827265746 keyframe_000247.pcd
248 1778846266.010883570 3.341257 4.958809 1.050643 -0.243636823 0.003986445 0.964093230 -0.105590958 -2.906724143 keyframe_000248.pcd
249 1778846266.110775232 3.314595 4.960701 1.046230 -0.250250955 -0.007763546 0.966677292 -0.053377894 -3.027808975 keyframe_000249.pcd
250 1778846266.210729837 3.297265 4.974724 1.036275 -0.262817882 -0.005627151 0.964811577 -0.005806678 -3.132023437 keyframe_000250.pcd
251 1778846266.310809851 3.287572 4.991992 1.025715 -0.269234083 -0.001724791 0.962450413 0.034629999 3.062487750 keyframe_000251.pcd
252 1778846266.509723425 3.272533 5.006380 1.021775 -0.268557763 -0.009249147 0.961183435 0.062590623 2.994892290 keyframe_000252.pcd
253 1778846268.310669661 3.277057 5.001072 1.035114 -0.267103018 -0.008511670 0.958665700 0.097691378 2.916587289 keyframe_000253.pcd
254 1778846268.409808159 3.279885 5.015363 1.039610 -0.268652177 -0.010807227 0.950992843 0.152714845 2.790549088 keyframe_000254.pcd
255 1778846268.509163141 3.281730 5.029497 1.042195 -0.263776304 -0.008517216 0.943764180 0.199144897 2.688625143 keyframe_000255.pcd
256 1778846268.608799219 3.279431 5.036992 1.044672 -0.257844389 -0.007159425 0.938617746 0.229045281 2.624255523 keyframe_000256.pcd
257 1778846270.210776806 3.288487 5.011561 1.048599 -0.262259551 0.007859525 0.946599617 0.187369479 2.724945046 keyframe_000257.pcd
258 1778846270.310532331 3.285492 4.991204 1.047470 -0.264224187 -0.001223293 0.954914422 0.135360740 2.836775811 keyframe_000258.pcd
259 1778846270.409361362 3.282697 4.981500 1.045885 -0.265189894 -0.000289387 0.959474815 0.095301183 2.927344035 keyframe_000259.pcd
260 1778846270.510788441 3.281404 4.970191 1.042655 -0.270101851 0.003340295 0.960288911 0.069850122 2.986108870 keyframe_000260.pcd
261 1778846270.710738659 3.275113 4.959686 1.035631 -0.272236765 0.003732328 0.961312402 0.041853076 3.049389551 keyframe_000261.pcd
262 1778846271.010777235 3.222488 4.963859 1.021756 -0.268181667 -0.010659344 0.963200573 0.014478504 3.102338319 keyframe_000262.pcd
263 1778846271.910623074 3.332176 4.967139 1.045209 -0.271497778 -0.011985296 0.962363615 0.001257739 3.131120328 keyframe_000263.pcd
264 1778846273.010679960 3.407683 5.020350 1.072025 -0.268182972 -0.015539544 0.962868733 -0.026836899 -3.090922174 keyframe_000264.pcd
265 1778846273.310642242 3.502566 5.123448 1.093808 -0.299395043 -0.007575642 0.953066932 -0.044369359 -3.043913682 keyframe_000265.pcd
266 1778846273.510625362 3.587265 5.199364 1.120496 -0.285100505 -0.014619180 0.957303913 -0.045532416 -3.047259419 keyframe_000266.pcd
267 1778846275.310668945 3.659375 5.253238 1.147940 -0.283345412 -0.004478940 0.954822960 -0.089489839 -2.939911720 keyframe_000267.pcd
268 1778846275.410648823 3.665049 5.232032 1.153824 -0.276298658 -0.009178664 0.951226600 -0.136904194 -2.836112320 keyframe_000268.pcd
269 1778846275.510684729 3.669970 5.206423 1.160420 -0.267552398 -0.012475028 0.941892128 -0.202729641 -2.690511821 keyframe_000269.pcd
270 1778846275.610526085 3.683712 5.182901 1.163811 -0.255440308 -0.007923885 0.927492737 -0.272845531 -2.533060074 keyframe_000270.pcd
271 1778846275.710516214 3.697884 5.174160 1.163920 -0.256687676 0.002511679 0.907191758 -0.333329032 -2.388074757 keyframe_000271.pcd
272 1778846275.810519218 3.718273 5.152873 1.155900 -0.258603555 -0.009272730 0.883355788 -0.390795047 -2.256386003 keyframe_000272.pcd
273 1778846275.910696745 3.728806 5.140226 1.164812 -0.249060101 -0.006168957 0.871458501 -0.422482060 -2.186684952 keyframe_000273.pcd
274 1778846276.110522985 3.731847 5.144612 1.171183 -0.240930472 -0.006310561 0.857248668 -0.455013631 -2.114599172 keyframe_000274.pcd
275 1778846276.510626554 3.740086 5.130128 1.172988 -0.230562159 -0.011295064 0.841078810 -0.489182940 -2.040535355 keyframe_000275.pcd
276 1778846276.610612154 3.751598 5.123753 1.175564 -0.228127415 -0.009052164 0.821104933 -0.523127737 -1.957948208 keyframe_000276.pcd
277 1778846276.710676908 3.773234 5.117256 1.180579 -0.215096814 -0.016675303 0.793433179 -0.569138898 -1.852843878 keyframe_000277.pcd
278 1778846276.810459852 3.799514 5.107402 1.186562 -0.208188128 -0.017855340 0.767421662 -0.606137677 -1.761861109 keyframe_000278.pcd
279 1778846276.910516977 3.817058 5.099531 1.190622 -0.208445593 -0.020513216 0.748801277 -0.628829302 -1.701055751 keyframe_000279.pcd
280 1778846277.010491371 3.838208 5.084872 1.189829 -0.215167999 -0.031189790 0.725299884 -0.653199822 -1.628610964 keyframe_000280.pcd
281 1778846277.210597754 3.854989 5.081396 1.195837 -0.206184368 -0.012640406 0.701303257 -0.682277047 -1.553957507 keyframe_000281.pcd
282 1778846277.910494328 3.835295 4.978299 1.183453 -0.199861913 -0.009036413 0.689054519 -0.696546789 -1.518304442 keyframe_000282.pcd
283 1778846278.110523462 3.818819 4.830629 1.191994 -0.195508654 -0.000163580 0.685094443 -0.701727827 -1.507132864 keyframe_000283.pcd
284 1778846278.310573816 3.813395 4.716427 1.201771 -0.185847003 -0.009545394 0.676772495 -0.712284189 -1.483800995 keyframe_000284.pcd
285 1778846278.410535812 3.819394 4.682254 1.205256 -0.178507110 -0.014939351 0.650918471 -0.737710764 -1.412797974 keyframe_000285.pcd
286 1778846278.510568142 3.833017 4.658791 1.206205 -0.168288897 -0.019427505 0.611856789 -0.772614192 -1.310065548 keyframe_000286.pcd
287 1778846278.609473705 3.851191 4.650348 1.205816 -0.151258857 -0.016629757 0.563737534 -0.811815374 -1.190537563 keyframe_000287.pcd
288 1778846278.710175514 3.875758 4.657695 1.210022 -0.136885910 -0.010622906 0.500732371 -0.854644075 -1.042081516 keyframe_000288.pcd
289 1778846278.810481071 3.900247 4.672164 1.210629 -0.113594636 -0.025027890 0.436810065 -0.892001587 -0.897417681 keyframe_000289.pcd
290 1778846278.910560846 3.919975 4.676025 1.210656 -0.096721947 -0.022042239 0.387750083 -0.916410867 -0.791153481 keyframe_000290.pcd
291 1778846279.010053873 3.926153 4.676898 1.214674 -0.089086852 -0.021113642 0.351992856 -0.931514238 -0.714755445 keyframe_000291.pcd
292 1778846279.110675335 3.925677 4.684053 1.223972 -0.079824516 -0.012273637 0.322722011 -0.943041838 -0.654067966 keyframe_000292.pcd
293 1778846279.310490847 3.937699 4.686914 1.227608 -0.075153121 -0.002758911 0.292571139 -0.953281976 -0.592055356 keyframe_000293.pcd
294 1778846279.610600471 4.036692 4.633443 1.239301 -0.080268755 -0.017282611 0.274344044 -0.958119817 -0.552125517 keyframe_000294.pcd
295 1778846279.910526752 4.198640 4.558370 1.290346 -0.069910881 -0.009811993 0.259450466 -0.963172700 -0.522651911 keyframe_000295.pcd
296 1778846280.210482597 4.263894 4.550632 1.309087 -0.065496582 -0.000603587 0.200449430 -0.977512076 -0.402752379 keyframe_000296.pcd
297 1778846280.310475588 4.274413 4.565152 1.316976 -0.045945794 0.001967870 0.147808617 -0.987946215 -0.296577130 keyframe_000297.pcd
298 1778846280.410449028 4.281791 4.588255 1.321896 -0.015308748 0.001732648 0.086592421 -0.996124687 -0.173434972 keyframe_000298.pcd
299 1778846280.510495663 4.287981 4.609339 1.327902 0.010696884 -0.002811963 0.008458623 -0.999903056 -0.016976831 keyframe_000299.pcd
300 1778846280.610595942 4.291851 4.630017 1.333525 0.023444045 0.005761284 -0.068582237 -0.997353328 0.137509220 keyframe_000300.pcd
301 1778846280.710565805 4.292560 4.646706 1.326651 0.041715405 -0.005179711 -0.124550957 -0.991322377 0.249129869 keyframe_000301.pcd
302 1778846280.810538530 4.293107 4.657655 1.325369 0.052443314 -0.001005632 -0.161728919 -0.985440229 0.324357746 keyframe_000302.pcd
303 1778846281.010569096 4.321852 4.689111 1.333141 0.071236234 -0.001683115 -0.203256681 -0.976529205 0.408179219 keyframe_000303.pcd
304 1778846281.210545778 4.409526 4.745009 1.363316 0.064022868 0.010429578 -0.241292835 -0.968282017 0.487752108 keyframe_000304.pcd
305 1778846281.510571957 4.509120 4.818877 1.398338 0.082809570 0.009755613 -0.273149246 -0.958351132 0.553122341 keyframe_000305.pcd
306 1778846281.610558510 4.508295 4.837381 1.402511 0.100508378 0.010239152 -0.318588966 -0.942493659 0.647505173 keyframe_000306.pcd
307 1778846281.710453749 4.506156 4.858611 1.400667 0.106674457 -0.001052787 -0.376845116 -0.920112608 0.769278664 keyframe_000307.pcd
308 1778846281.810402155 4.501012 4.882824 1.398848 0.129658566 0.006218613 -0.424647249 -0.896004854 0.873136035 keyframe_000308.pcd
309 1778846281.910484552 4.497897 4.904533 1.394165 0.141464202 0.007935981 -0.457360584 -0.877921520 0.945383101 keyframe_000309.pcd
310 1778846282.010446787 4.492596 4.919601 1.385940 0.141642912 -0.000374722 -0.483033651 -0.864069231 1.002175946 keyframe_000310.pcd
311 1778846282.110389948 4.490640 4.951521 1.379480 0.129710690 -0.016245257 -0.507704824 -0.851555659 1.058465923 keyframe_000311.pcd
312 1778846282.410389900 4.504285 5.065813 1.387381 0.158597653 0.003301938 -0.533668408 -0.830682799 1.119351546 keyframe_000312.pcd
313 1778846282.904570580 4.554443 5.138501 1.401727 0.151775649 0.022981871 -0.481348973 -0.862982707 1.002009539 keyframe_000313.pcd
314 1778846283.010525465 4.580124 5.129564 1.415794 0.134670302 0.017619770 -0.427116523 -0.893937878 0.880523306 keyframe_000314.pcd
315 1778846283.110560179 4.609601 5.117453 1.428087 0.110762532 0.009672339 -0.365828060 -0.924017282 0.747166242 keyframe_000315.pcd
316 1778846283.310346842 4.677915 5.123388 1.445180 0.102973631 0.000015009 -0.279653164 -0.954563009 0.564250948 keyframe_000316.pcd
317 1778846283.410453558 4.710027 5.125354 1.447091 0.090793381 -0.003789986 -0.249941233 -0.963987333 0.502777961 keyframe_000317.pcd
318 1778846283.710493565 4.800024 5.159015 1.476745 0.058109043 0.010657878 -0.219865293 -0.973739699 0.443857876 keyframe_000318.pcd
319 1778846283.910532236 4.865928 5.160522 1.499064 0.042187928 0.013225666 -0.162848831 -0.985659941 0.328018236 keyframe_000319.pcd
320 1778846284.110382318 4.935030 5.163201 1.524882 0.034760258 0.015248611 -0.123928805 -0.991564852 0.249464133 keyframe_000320.pcd
321 1778846284.410394669 5.038055 5.172178 1.552818 0.029906485 0.022328056 -0.101687803 -0.994116015 0.205098884 keyframe_000321.pcd
322 1778846284.610445261 5.096411 5.168376 1.574531 0.003862884 0.021374589 -0.061324459 -0.997881514 0.122973122 keyframe_000322.pcd
323 1778846284.710332155 5.141049 5.165978 1.585705 -0.002040238 0.020580663 -0.026811289 -0.999426550 0.053579057 keyframe_000323.pcd
324 1778846284.810348988 5.174814 5.157213 1.608653 0.007863027 0.018008861 0.002766398 -0.999803081 -0.005251938 keyframe_000324.pcd
325 1778846285.010371685 5.258841 5.155781 1.626064 -0.005828727 0.009733798 0.029765639 -0.999492514 -0.059660814 keyframe_000325.pcd
326 1778846285.310399294 5.372929 5.138606 1.658340 -0.023793635 0.023473640 0.039067117 -0.998677431 -0.079311418 keyframe_000326.pcd
327 1778846285.610234976 5.494381 5.101960 1.688144 -0.023231894 0.012163327 0.097802204 -0.994860323 -0.196463343 keyframe_000327.pcd
328 1778846285.810313702 5.579684 5.056330 1.695102 -0.040916196 -0.002739040 0.139924005 -0.989312709 -0.280329625 keyframe_000328.pcd
329 1778846286.110446692 5.663058 5.015441 1.724166 -0.053523563 0.010407305 0.168589897 -0.984176998 -0.339440597 keyframe_000329.pcd
330 1778846286.610478401 5.792264 4.995533 1.766508 -0.026362578 0.014511326 0.118047509 -0.992551873 -0.237384863 keyframe_000330.pcd
331 1778846286.710385084 5.838641 5.000527 1.781316 -0.024802592 0.016273741 0.063370099 -0.997549110 -0.127637860 keyframe_000331.pcd
332 1778846286.810271263 5.880065 5.005250 1.796472 -0.017509060 0.017372845 0.026087061 -0.999355333 -0.052803560 keyframe_000332.pcd
333 1778846287.010379314 5.970937 5.014414 1.817017 -0.001778322 0.016001715 -0.011312184 -0.999806390 0.022576581 keyframe_000333.pcd
334 1778846287.310438633 6.070423 5.039271 1.859305 0.022757711 0.017995759 -0.035535464 -0.998947181 0.071919543 keyframe_000334.pcd
335 1778846287.810384512 6.187956 5.056979 1.886751 0.013382299 0.026231613 -0.062160324 -0.997631651 0.125215703 keyframe_000335.pcd
336 1778846288.110409498 6.298466 5.073885 1.925660 0.015444854 0.016816171 -0.042515125 -0.998834890 0.085599680 keyframe_000336.pcd
337 1778846288.410275936 6.387924 5.067448 1.947560 0.009628654 0.017790937 -0.001689278 -0.999793938 0.003722827 keyframe_000337.pcd
338 1778846288.510305405 6.397851 5.049511 1.953290 -0.003548135 0.022474662 0.039504712 -0.998960299 -0.079248544 keyframe_000338.pcd
339 1778846288.610296249 6.401240 5.023455 1.958188 -0.028137614 0.019412021 0.095189592 -0.994872047 -0.191774181 keyframe_000339.pcd
340 1778846288.710138798 6.401751 4.988863 1.956212 -0.041296804 0.005696439 0.171168314 -0.984359453 -0.344211173 keyframe_000340.pcd
341 1778846288.810389042 6.395961 4.958952 1.958328 -0.062150958 0.009802012 0.232604233 -0.970534106 -0.469837297 keyframe_000341.pcd
342 1778846288.909996271 6.395633 4.939069 1.956163 -0.073356428 0.011133039 0.279475318 -0.957281796 -0.566652389 keyframe_000342.pcd
343 1778846289.009867668 6.395993 4.925920 1.955846 -0.073476208 0.008363720 0.324674887 -0.942930280 -0.660907855 keyframe_000343.pcd
344 1778846289.210568666 6.390391 4.906556 1.958835 -0.097376506 0.009814353 0.368043188 -0.924643556 -0.752558854 keyframe_000344.pcd
345 1778846289.310275555 6.389366 4.894770 1.959421 -0.112657500 0.007955793 0.407094454 -0.906376907 -0.836011177 keyframe_000345.pcd
346 1778846289.410362482 6.386354 4.887411 1.955693 -0.123169780 0.011151509 0.435472711 -0.891666062 -0.898401740 keyframe_000346.pcd
347 1778846289.610417128 6.384610 4.878288 1.956595 -0.131198734 0.013466444 0.460019629 -0.878058932 -0.953128442 keyframe_000347.pcd
348 1778846290.310363770 6.454468 4.763165 1.956490 -0.157313451 -0.003511346 0.478733724 -0.863744274 -0.990374321 keyframe_000348.pcd
349 1778846290.610212326 6.524122 4.651202 1.983126 -0.131112852 -0.011848299 0.489008428 -0.862287536 -1.015352512 keyframe_000349.pcd
350 1778846290.910363674 6.571362 4.549294 1.993727 -0.133609970 0.001008424 0.486903975 -0.863175462 -1.011919856 keyframe_000350.pcd
351 1778846291.110335588 6.562402 4.501200 1.999286 -0.160476129 0.010072173 0.539959854 -0.826189639 -1.135264119 keyframe_000351.pcd
352 1778846291.210311413 6.548151 4.475008 2.000342 -0.170127723 0.012772525 0.587966938 -0.790688498 -1.252052442 keyframe_000352.pcd
353 1778846291.310274363 6.528037 4.458681 1.997383 -0.170829246 0.003249611 0.638557630 -0.750367218 -1.380844052 keyframe_000353.pcd
354 1778846291.410339117 6.513420 4.440203 1.985703 -0.193830566 -0.004546503 0.665226772 -0.721028698 -1.451365938 keyframe_000354.pcd
355 1778846291.510333776 6.503938 4.425964 1.976624 -0.210304329 -0.004004206 0.691013362 -0.691560980 -1.523697404 keyframe_000355.pcd
356 1778846291.710211515 6.491558 4.387818 1.968275 -0.212093451 -0.010666220 0.717002142 -0.663935636 -1.600771323 keyframe_000356.pcd
357 1778846292.010187149 6.450595 4.262032 1.951371 -0.225964788 -0.004261485 0.733518357 -0.640993428 -1.651748441 keyframe_000357.pcd
358 1778846292.210194349 6.428231 4.156205 1.957289 -0.218335032 0.012597658 0.724004933 -0.654207895 -1.621847294 keyframe_000358.pcd
359 1778846292.310341358 6.441207 4.100078 1.958415 -0.204645409 -0.003222203 0.695726255 -0.688530938 -1.537456662 keyframe_000359.pcd
360 1778846292.410258055 6.464765 4.046485 1.981293 -0.169833468 -0.006188680 0.672703035 -0.720131182 -1.472983773 keyframe_000360.pcd
361 1778846292.510194302 6.485233 3.996688 1.988220 -0.176130147 0.005993975 0.641424521 -0.746670494 -1.388386781 keyframe_000361.pcd
362 1778846292.710272551 6.514181 3.914790 1.988129 -0.163765894 0.020620081 0.610089947 -0.774948902 -1.309434071 keyframe_000362.pcd
363 1778846293.010285616 6.542505 3.813372 1.994044 -0.157954852 0.019997318 0.608067286 -0.777756098 -1.304519933 keyframe_000363.pcd
364 1778846293.110059023 6.538749 3.782445 1.986040 -0.173744449 0.017117772 0.630252079 -0.756506553 -1.360335334 keyframe_000364.pcd
365 1778846293.310103416 6.511322 3.726117 1.975422 -0.177962940 0.024190576 0.662774990 -0.726961706 -1.447698340 keyframe_000365.pcd
366 1778846293.510179996 6.489593 3.671390 1.970614 -0.179506272 0.038399377 0.685904832 -0.704157331 -1.513579162 keyframe_000366.pcd
367 1778846293.710188866 6.474585 3.555027 1.978726 -0.189304449 0.020534353 0.695887917 -0.692446513 -1.539271475 keyframe_000367.pcd
368 1778846293.910301447 6.469300 3.406272 1.971216 -0.201944218 0.013655162 0.693732880 -0.691206743 -1.532355050 keyframe_000368.pcd
369 1778846294.110306025 6.452167 3.233590 1.974976 -0.192521828 0.025878258 0.698989338 -0.688243828 -1.548695078 keyframe_000369.pcd
370 1778846294.210198879 6.446991 3.129683 1.974734 -0.208222693 0.000847816 0.697724036 -0.685436913 -1.543253470 keyframe_000370.pcd
371 1778846294.310171604 6.441199 3.024270 1.980746 -0.203658918 0.006483808 0.696636085 -0.687880200 -1.540305396 keyframe_000371.pcd
372 1778846294.410310507 6.437637 2.911522 1.969172 -0.199241876 0.000126709 0.696387262 -0.689454451 -1.539473270 keyframe_000372.pcd
373 1778846294.610178947 6.439741 2.726540 1.974122 -0.187585527 0.032959827 0.673982413 -0.713773793 -1.479392394 keyframe_000373.pcd
374 1778846294.710326195 6.454624 2.624323 1.968448 -0.196456716 -0.009507168 0.663422919 -0.721931024 -1.446142262 keyframe_000374.pcd
375 1778846294.910174608 6.473798 2.432494 1.967331 -0.191680679 0.002730034 0.650885654 -0.734573978 -1.412636319 keyframe_000375.pcd
376 1778846295.210152388 6.495241 2.152398 1.997961 -0.183648722 -0.005151741 0.644942132 -0.741819555 -1.396609344 keyframe_000376.pcd
377 1778846295.410231590 6.524134 1.971518 1.990474 -0.184494432 -0.000299623 0.637502696 -0.748032104 -1.376979140 keyframe_000377.pcd
378 1778846295.610286474 6.545176 1.790834 1.990361 -0.180296061 0.008041633 0.634499560 -0.751557696 -1.370019661 keyframe_000378.pcd
379 1778846295.810150862 6.566346 1.610150 1.999623 -0.177583105 0.005458687 0.634924411 -0.751867965 -1.371047111 keyframe_000379.pcd
380 1778846295.910290241 6.574981 1.507870 1.985949 -0.183501120 0.006879650 0.630530122 -0.754129813 -1.359260398 keyframe_000380.pcd
381 1778846296.110094547 6.589407 1.316149 1.980718 -0.178696641 0.004321785 0.632992395 -0.753239311 -1.365784646 keyframe_000381.pcd
382 1778846296.210098982 6.611687 1.217829 1.989501 -0.185780440 -0.004393044 0.632987641 -0.751527096 -1.364650955 keyframe_000382.pcd
383 1778846296.410136938 6.634750 1.026700 1.992128 -0.188526552 -0.003380424 0.660784805 -0.726505164 -1.439416181 keyframe_000383.pcd
384 1778846296.510247231 6.614047 0.935349 1.998361 -0.203860539 0.012163065 0.693498352 -0.690907357 -1.531549038 keyframe_000384.pcd
385 1778846296.710192919 6.539687 0.755020 1.991191 -0.225249442 0.009256917 0.763489939 -0.605194276 -1.747754819 keyframe_000385.pcd
386 1778846296.810224533 6.506926 0.667647 1.974290 -0.235014288 0.013155346 0.781753180 -0.577457520 -1.810967013 keyframe_000386.pcd
387 1778846297.010103703 6.415367 0.507427 1.950896 -0.246054605 0.027588725 0.808332464 -0.534129779 -1.908836710 keyframe_000387.pcd
388 1778846297.110239983 6.358184 0.426618 1.931944 -0.254323886 0.013909131 0.829414032 -0.497190367 -1.995567588 keyframe_000388.pcd
389 1778846297.210164785 6.293295 0.362461 1.931122 -0.251053629 0.011080416 0.851789965 -0.459677230 -2.090587138 keyframe_000389.pcd
390 1778846297.410090685 6.165033 0.226588 1.891484 -0.256979070 0.017854831 0.869598277 -0.421238411 -2.175876893 keyframe_000390.pcd
391 1778846297.610139370 6.017842 0.100423 1.844036 -0.265886329 0.010680285 0.889019460 -0.372605410 -2.286461238 keyframe_000391.pcd
392 1778846297.710071564 5.938548 0.057966 1.828037 -0.261719756 0.007241027 0.907649638 -0.328058641 -2.395022448 keyframe_000392.pcd
393 1778846297.810192585 5.868857 0.014003 1.791964 -0.265122298 0.007960811 0.919319490 -0.290686202 -2.479024176 keyframe_000393.pcd
394 1778846298.010207891 5.715642 -0.047066 1.736650 -0.268080171 0.032455975 0.930276210 -0.248326003 -2.562328409 keyframe_000394.pcd
395 1778846298.310066462 5.468109 -0.133890 1.671422 -0.275204807 0.018122606 0.936993906 -0.214420861 -2.643141488 keyframe_000395.pcd
396 1778846298.510074854 5.309890 -0.194403 1.624054 -0.268513663 0.015088184 0.940455962 -0.207883001 -2.663056145 keyframe_000396.pcd
397 1778846298.710143089 5.141184 -0.258786 1.571646 -0.276895625 -0.000510277 0.940023658 -0.199208623 -2.687799711 keyframe_000397.pcd
398 1778846298.908622980 4.971676 -0.315828 1.507208 -0.271976613 -0.001025837 0.947510577 -0.168081459 -2.761370173 keyframe_000398.pcd
399 1778846299.110038519 4.809165 -0.341919 1.465830 -0.267093829 0.019190328 0.952809988 -0.142988618 -2.808214129 keyframe_000399.pcd
400 1778846299.210136652 4.710221 -0.351627 1.447215 -0.282945445 0.010395805 0.949915434 -0.132266667 -2.832339614 keyframe_000400.pcd
401 1778846299.310069084 4.614295 -0.371929 1.426925 -0.275181162 0.010447009 0.952930124 -0.126847807 -2.847224576 keyframe_000401.pcd
402 1778846299.410219193 4.515606 -0.404192 1.392939 -0.273000175 0.001658527 0.954838513 -0.117267082 -2.875031341 keyframe_000402.pcd
403 1778846299.510096073 4.425965 -0.409741 1.363402 -0.277354833 0.013224912 0.957064454 -0.083228781 -2.943980261 keyframe_000403.pcd
404 1778846299.610202312 4.340635 -0.406510 1.320413 -0.280154087 0.018422326 0.959178705 -0.033919287 -3.052157631 keyframe_000404.pcd
405 1778846299.710122347 4.254570 -0.392806 1.295011 -0.280339114 0.004025145 0.959824447 0.011437199 3.118217410 keyframe_000405.pcd
406 1778846299.910099030 4.085448 -0.355249 1.235399 -0.273583271 0.014950081 0.959741530 0.061845650 3.011166697 keyframe_000406.pcd
407 1778846300.110205412 3.910677 -0.315065 1.180716 -0.288665405 0.005452696 0.953192639 0.089812831 2.938758344 keyframe_000407.pcd
408 1778846300.310109854 3.732069 -0.285878 1.121692 -0.275448099 0.001612639 0.955940578 0.101505449 2.912292394 keyframe_000408.pcd
409 1778846300.510195494 3.548584 -0.248171 1.087674 -0.265388907 0.005588475 0.957710266 0.111033974 2.895384526 keyframe_000409.pcd
410 1778846300.710032225 3.375197 -0.210004 1.034509 -0.282681679 -0.006143642 0.955331110 0.085998803 2.941042147 keyframe_000410.pcd
411 1778846300.810138941 3.282789 -0.201676 0.990713 -0.283264702 -0.009800578 0.957519927 0.053109760 3.013668042 keyframe_000411.pcd
412 1778846300.910073996 3.189777 -0.196415 0.977869 -0.271833512 0.007196484 0.961848852 0.030025634 3.078357321 keyframe_000412.pcd
413 1778846301.110110283 3.013346 -0.211565 0.925603 -0.285454870 -0.012613076 0.958292512 0.005647045 3.120061125 keyframe_000413.pcd
414 1778846301.310195923 2.835053 -0.213820 0.873222 -0.278814070 -0.018176665 0.960110684 -0.010945232 -3.128705020 keyframe_000414.pcd
415 1778846301.510018349 2.673708 -0.215402 0.831489 -0.268985582 0.004457270 0.962945983 -0.019024280 -3.095944564 keyframe_000415.pcd
416 1778846301.710091591 2.497458 -0.224473 0.773974 -0.275767615 -0.011723712 0.960835814 -0.024684318 -3.093242743 keyframe_000416.pcd
417 1778846301.910156965 2.341905 -0.246534 0.722363 -0.268184633 -0.002856426 0.962238229 -0.046544964 -3.038600297 keyframe_000417.pcd
418 1778846302.110224485 2.195014 -0.265355 0.673605 -0.277857022 -0.009003072 0.959209584 -0.051297115 -3.030892599 keyframe_000418.pcd
419 1778846302.310088158 2.053695 -0.274604 0.645278 -0.282802659 0.001664761 0.957543189 -0.055954684 -3.012662290 keyframe_000419.pcd
420 1778846302.810106754 1.948331 -0.280582 0.605301 -0.266477414 -0.005414357 0.961287856 -0.069900862 -2.987779561 keyframe_000420.pcd
421 1778846303.110117674 1.818146 -0.297127 0.549540 -0.270410778 -0.007828782 0.959813240 -0.074667701 -2.977984914 keyframe_000421.pcd
422 1778846303.310149431 1.679649 -0.321586 0.520525 -0.262901031 0.004466798 0.962017848 -0.073380898 -2.974497108 keyframe_000422.pcd
423 1778846303.510066271 1.538560 -0.341160 0.488700 -0.275384072 -0.003198861 0.958635471 -0.071912549 -2.980568711 keyframe_000423.pcd
424 1778846303.810043573 1.438886 -0.348008 0.448764 -0.274773670 -0.008432959 0.958149044 -0.079866921 -2.965943563 keyframe_000424.pcd
425 1778846304.610028028 1.282482 -0.364382 0.383889 -0.263725609 -0.003910358 0.960214555 -0.091768846 -2.938096141 keyframe_000425.pcd
426 1778846304.810121536 1.207100 -0.356915 0.371180 -0.263288613 0.009335409 0.963383703 -0.049837703 -3.024265498 keyframe_000426.pcd
427 1778846304.910072803 1.164493 -0.338386 0.356536 -0.265528159 -0.001931520 0.964099535 0.001775314 3.136413433 keyframe_000427.pcd
428 1778846305.010011911 1.125010 -0.324673 0.355619 -0.260982594 -0.009944742 0.964473687 0.039745388 3.046762931 keyframe_000428.pcd
429 1778846305.110216856 1.092378 -0.307105 0.345191 -0.268549468 -0.001583698 0.960593632 0.071683670 2.979144764 keyframe_000429.pcd
430 1778846305.210069895 1.054415 -0.292165 0.325592 -0.277418035 0.005598701 0.955891889 0.096325411 2.926204148 keyframe_000430.pcd
431 1778846305.510064363 0.942370 -0.251339 0.282610 -0.267176232 0.009971795 0.955706191 0.123057308 2.870446922 keyframe_000431.pcd
432 1778846305.710177898 0.847524 -0.222967 0.251662 -0.271775368 -0.006433766 0.952245900 0.139012599 2.823123955 keyframe_000432.pcd
433 1778846305.910104513 0.733212 -0.190530 0.220836 -0.271455613 -0.010552611 0.952169556 0.139905789 2.818737932 keyframe_000433.pcd
434 1778846306.210016489 0.573782 -0.132996 0.176015 -0.260786760 0.005807087 0.955252810 0.139458285 2.832571106 keyframe_000434.pcd
435 1778846306.410032988 0.459225 -0.106136 0.156095 -0.266540159 -0.002721123 0.953490767 0.140727736 2.823092609 keyframe_000435.pcd
436 1778846306.609990358 0.343582 -0.079378 0.122413 -0.268938061 0.002878856 0.952916703 0.140049236 2.827223337 keyframe_000436.pcd
437 1778846306.910188675 0.273608 -0.077537 0.095830 -0.267514704 -0.009934682 0.959152677 0.091451229 2.929685060 keyframe_000437.pcd
438 1778846307.010118961 0.268154 -0.091543 0.087898 -0.270634698 -0.011069363 0.961080705 0.054389413 3.011912660 keyframe_000438.pcd
439 1778846307.110108614 0.266393 -0.109506 0.083894 -0.267762616 -0.009169850 0.963334669 0.014332140 3.103624282 keyframe_000439.pcd
440 1778846307.210098028 0.256848 -0.123552 0.075883 -0.269391723 -0.004513091 0.962888240 -0.015936398 -3.108528779 keyframe_000440.pcd
441 1778846307.310172319 0.236469 -0.137394 0.064920 -0.285021509 -0.000234469 0.957639953 -0.041090213 -3.047683123 keyframe_000441.pcd
442 1778846307.510207891 0.156032 -0.167850 0.044529 -0.276177406 -0.008972198 0.958376062 -0.071839148 -2.984334056 keyframe_000442.pcd
443 1778846307.710189581 0.045002 -0.207789 0.020208 -0.256208320 -0.021574882 0.961926950 -0.092673426 -2.947669195 keyframe_000443.pcd
444 1778846307.910149097 -0.078691 -0.232462 -0.006281 -0.261813459 -0.004535632 0.959279716 -0.105903578 -2.907068276 keyframe_000444.pcd
445 1778846308.310046196 -0.191530 -0.263718 -0.038092 -0.258156691 -0.004670851 0.959296864 -0.114380211 -2.888901406 keyframe_000445.pcd
446 1778846308.510034800 -0.283011 -0.301437 -0.069406 -0.259080224 -0.005854473 0.958586817 -0.118129069 -2.880973769 keyframe_000446.pcd
447 1778846308.808148623 -0.373514 -0.344769 -0.095592 -0.259778851 -0.009301030 0.956816595 -0.130117036 -2.855870806 keyframe_000447.pcd
448 1778846309.110129833 -0.392315 -0.369349 -0.103403 -0.247090441 -0.002452791 0.948902245 -0.196277422 -2.707473083 keyframe_000448.pcd
449 1778846309.210155725 -0.384262 -0.380843 -0.100728 -0.251226728 0.005312765 0.934529321 -0.252015583 -2.576295454 keyframe_000449.pcd
450 1778846309.310165644 -0.364118 -0.403121 -0.091915 -0.250994067 0.015133636 0.914627270 -0.316591075 -2.424977240 keyframe_000450.pcd
451 1778846309.409891129 -0.343365 -0.421250 -0.086949 -0.249805832 0.036197877 0.886229925 -0.388436970 -2.252546825 keyframe_000451.pcd
452 1778846309.510124683 -0.316464 -0.445789 -0.083927 -0.248444637 0.028932197 0.849759360 -0.464055191 -2.077627492 keyframe_000452.pcd
453 1778846309.610176563 -0.284463 -0.472083 -0.085663 -0.260256363 0.015430121 0.794769259 -0.548060546 -1.862288653 keyframe_000453.pcd
454 1778846309.710072994 -0.249992 -0.488504 -0.075022 -0.228642955 0.010497542 0.743911298 -0.627860001 -1.684294459 keyframe_000454.pcd
455 1778846309.810225010 -0.222268 -0.496135 -0.058615 -0.212548583 0.019825992 0.676709704 -0.704623309 -1.484385241 keyframe_000455.pcd
456 1778846309.910132647 -0.199827 -0.488868 -0.044423 -0.183999204 0.028626799 0.607674825 -0.772046699 -1.303515816 keyframe_000456.pcd
457 1778846310.010140657 -0.163428 -0.475108 -0.039264 -0.158560553 0.008211677 0.531529219 -0.832026327 -1.115052391 keyframe_000457.pcd
458 1778846310.110212326 -0.129026 -0.454517 -0.033129 -0.129201810 0.000801197 0.451339570 -0.882948947 -0.931592705 keyframe_000458.pcd
459 1778846310.210167408 -0.108290 -0.435634 -0.015333 -0.107642847 0.008420923 0.363017786 -0.925505372 -0.741080326 keyframe_000459.pcd
460 1778846310.310141087 -0.086776 -0.397654 -0.009213 -0.065520198 0.002765381 0.272703549 -0.959860527 -0.551681234 keyframe_000460.pcd
461 1778846310.410093069 -0.075029 -0.358632 -0.007938 -0.033543190 -0.006564736 0.197007965 -0.979805910 -0.396020548 keyframe_000461.pcd
462 1778846310.509984016 -0.068955 -0.335838 -0.010213 -0.016297847 -0.019996488 0.143056650 -0.989378247 -0.286606880 keyframe_000462.pcd
463 1778846310.610090733 -0.071852 -0.320499 -0.003490 -0.022364112 -0.002601667 0.100294264 -0.994703040 -0.200764933 keyframe_000463.pcd
464 1778846310.810042381 -0.073810 -0.316809 0.000729 -0.006558232 -0.001211796 0.057004435 -0.998351649 -0.114052726 keyframe_000464.pcd
465 1778846310.910192490 -0.068908 -0.306740 0.002063 0.004959330 0.000116629 0.023927747 -0.999701383 -0.047858319 keyframe_000465.pcd
466 1778846311.010041237 -0.066077 -0.293948 -0.001059 0.015451259 0.000128668 -0.029991176 -0.999430724 0.059988167 keyframe_000466.pcd
467 1778846311.110143661 -0.067166 -0.274385 -0.001525 0.027269206 0.004846955 -0.071751659 -0.997037911 0.143840464 keyframe_000467.pcd
468 1778846311.210036755 -0.066147 -0.266785 -0.002304 0.030861850 0.008760941 -0.100650509 -0.994404479 0.202100997 keyframe_000468.pcd
469 1778846311.410105705 -0.066086 -0.258539 -0.010007 0.047298194 0.010600114 -0.133992755 -0.989796171 0.269513941 keyframe_000469.pcd
